Date	Page	Abstract
18790101	909090	909090
18790102	909090	909090
18790103	909090	909090
18790104	909090	909090
18790105	909090	909090
18790106	909090	909090
18790107	909090	909090
18790108	909090	909090
18790109	909090	909090
18790110	909090	909090
18790111	909090	909090
18790112	909090	909090
18790113	909090	909090
18790114	909090	909090
18790115	909090	909090
18790116	909090	909090
18790117	909090	909090
18790118	909090	909090
18790119	909090	909090
18790120	909090	909090
18790121	909090	909090
18790122	909090	909090
18790123	909090	909090
18790124	909090	909090
18790125	909090	909090
18790126	909090	909090
18790127	909090	909090
18790128	909090	909090
18790129	909090	909090
18790130	909090	909090
18790131	909090	909090
18790201	909090	909090
18790202	909090	909090
18790203	909090	909090
18790204	909090	909090
18790205	909090	909090
18790206	909090	909090
18790207	909090	909090
18790208	909090	909090
18790209	909090	909090
18790210	909090	909090
18790211	909090	909090
18790212	909090	909090
18790213	909090	909090
18790214	909090	909090
18790215	909090	909090
18790216	909090	909090
18790217	909090	909090
18790218	909090	909090
18790219	909090	909090
18790220	909090	909090
18790221	909090	909090
18790222	909090	909090
18790223	909090	909090
18790224	909090	909090
18790225	909090	909090
18790226	909090	909090
18790227	909090	909090
18790228	909090	909090
18790301	909090	909090
18790302	909090	909090
18790303	909090	909090
18790304	909090	909090
18790305	909090	909090
18790306	909090	909090
18790307	909090	909090
18790308	909090	909090
18790309	909090	909090
18790310	909090	909090
18790311	909090	909090
18790312	909090	909090
18790313	909090	909090
18790314	909090	909090
18790315	909090	909090
18790316	909090	909090
18790317	909090	909090
18790318	909090	909090
18790319	909090	909090
18790320	909090	909090
18790321	909090	909090
18790322	909090	909090
18790323	909090	909090
18790324	909090	909090
18790325	909090	909090
18790326	909090	909090
18790327	909090	909090
18790328	909090	909090
18790329	909090	909090
18790330	909090	909090
18790331	909090	909090
18790401	909090	909090
18790402	909090	909090
18790403	909090	909090
18790404	909090	909090
18790405	909090	909090
18790406	909090	909090
18790407	909090	909090
18790408	909090	909090
18790409	909090	909090
18790410	909090	909090
18790411	909090	909090
18790412	909090	909090
18790413	909090	909090
18790414	909090	909090
18790415	909090	909090
18790416	909090	909090
18790417	909090	909090
18790418	909090	909090
18790419	909090	909090
18790420	909090	909090
18790421	909090	909090
18790422	909090	909090
18790423	909090	909090
18790424	909090	909090
18790425	909090	909090
18790426	909090	909090
18790427	909090	909090
18790428	909090	909090
18790429	909090	909090
18790430	909090	909090
18790501	909090	909090
18790502	909090	909090
18790503	909090	909090
18790504	909090	909090
18790505	909090	909090
18790506	909090	909090
18790507	909090	909090
18790508	909090	909090
18790509	909090	909090
18790510	909090	909090
18790511	909090	909090
18790512	909090	909090
18790513	909090	909090
18790514	909090	909090
18790515	909090	909090
18790516	909090	909090
18790517	909090	909090
18790518	909090	909090
18790519	909090	909090
18790520	909090	909090
18790521	909090	909090
18790522	909090	909090
18790523	909090	909090
18790524	909090	909090
18790525	909090	909090
18790526	909090	909090
18790527	909090	909090
18790528	909090	909090
18790529	909090	909090
18790530	909090	909090
18790531	909090	909090
18790601	909090	909090
18790602	909090	909090
18790603	909090	909090
18790604	909090	909090
18790605	909090	909090
18790606	909090	909090
18790607	909090	909090
18790608	909090	909090
18790609	909090	909090
18790610	909090	909090
18790611	909090	909090
18790612	909090	909090
18790613	909090	909090
18790614	909090	909090
18790615	909090	909090
18790616	909090	909090
18790617	909090	909090
18790618	909090	909090
18790619	909090	909090
18790620	909090	909090
18790621	909090	909090
18790622	909090	909090
18790623	909090	909090
18790624	909090	909090
18790625	909090	909090
18790626	909090	909090
18790627	909090	909090
18790628	909090	909090
18790629	909090	909090
18790630	909090	909090
18790701	909090	909090
18790702	909090	909090
18790703	909090	909090
18790704	909090	909090
18790705	909090	909090
18790706	909090	909090
18790707	909090	909090
18790708	909090	909090
18790709	909090	909090
18790710	909090	909090
18790711	909090	909090
18790712	909090	909090
18790713	909090	909090
18790714	909090	909090
18790715	909090	909090
18790716	909090	909090
18790717	909090	909090
18790718	909090	909090
18790719	909090	909090
18790720	909090	909090
18790721	909090	909090
18790722	909090	909090
18790723	909090	909090
18790724	909090	909090
18790725	909090	909090
18790726	909090	909090
18790727	909090	909090
18790728	909090	909090
18790729	909090	909090
18790730	909090	909090
18790731	909090	909090
18790801	909090	909090
18790802	909090	909090
18790803	909090	909090
18790804	909090	909090
18790805	909090	909090
18790806	909090	909090
18790807	909090	909090
18790808	909090	909090
18790809	909090	909090
18790810	909090	909090
18790811	909090	909090
18790812	909090	909090
18790813	909090	909090
18790814	909090	909090
18790815	909090	909090
18790816	909090	909090
18790817	909090	909090
18790818	909090	909090
18790819	909090	909090
18790820	909090	909090
18790821	909090	909090
18790822	909090	909090
18790823	909090	909090
18790824	909090	909090
18790825	909090	909090
18790826	909090	909090
18790827	909090	909090
18790828	909090	909090
18790829	909090	909090
18790830	909090	909090
18790831	909090	909090
18790901	909090	909090
18790902	909090	909090
18790903	909090	909090
18790904	909090	909090
18790905	909090	909090
18790906	909090	909090
18790907	909090	909090
18790908	909090	909090
18790909	909090	909090
18790910	909090	909090
18790911	909090	909090
18790912	909090	909090
18790913	909090	909090
18790914	909090	909090
18790915	909090	909090
18790916	909090	909090
18790917	909090	909090
18790918	909090	909090
18790919	909090	909090
18790920	909090	909090
18790921	909090	909090
18790922	909090	909090
18790923	909090	909090
18790924	909090	909090
18790925	909090	909090
18790926	909090	909090
18790927	909090	909090
18790928	909090	909090
18790929	909090	909090
18790930	909090	909090
18791001	909090	909090
18791002	909090	909090
18791003	909090	909090
18791004	909090	909090
18791005	909090	909090
18791006	909090	909090
18791007	909090	909090
18791008	909090	909090
18791009	909090	909090
18791010	909090	909090
18791011	909090	909090
18791012	909090	909090
18791013	909090	909090
18791014	909090	909090
18791015	909090	909090
18791016	909090	909090
18791017	909090	909090
18791018	909090	909090
18791019	909090	909090
18791020	909090	909090
18791021	909090	909090
18791022	909090	909090
18791023	909090	909090
18791024	909090	909090
18791025	909090	909090
18791026	909090	909090
18791027	909090	909090
18791028	909090	909090
18791029	909090	909090
18791030	909090	909090
18791031	909090	909090
18791101	909090	909090
18791102	909090	909090
18791103	909090	909090
18791104	909090	909090
18791105	909090	909090
18791106	909090	909090
18791107	909090	909090
18791108	909090	909090
18791109	909090	909090
18791110	909090	909090
18791111	909090	909090
18791112	909090	909090
18791113	909090	909090
18791114	909090	909090
18791115	909090	909090
18791116	909090	909090
18791117	909090	909090
18791118	909090	909090
18791119	909090	909090
18791120	909090	909090
18791121	909090	909090
18791122	909090	909090
18791123	909090	909090
18791124	909090	909090
18791125	909090	909090
18791126	909090	909090
18791127	909090	909090
18791128	909090	909090
18791129	909090	909090
18791130	909090	909090
18791201	909090	909090
18791202	909090	909090
18791203	909090	909090
18791204	909090	909090
18791205	909090	909090
18791206	909090	909090
18791207	909090	909090
18791208	909090	909090
18791209	909090	909090
18791210	909090	909090
18791211	909090	909090
18791212	909090	909090
18791213	909090	909090
18791214	909090	909090
18791215	909090	909090
18791216	909090	909090
18791217	909090	909090
18791218	909090	909090
18791219	909090	909090
18791220	909090	909090
18791221	909090	909090
18791222	909090	909090
18791223	909090	909090
18791224	909090	909090
18791225	909090	909090
18791226	909090	909090
18791227	909090	909090
18791228	909090	909090
18791229	909090	909090
18791230	909090	909090
18791231	909090	909090
