Date	Page	Abstract
18810101	909090	909090
18810102	909090	909090
18810103	909090	909090
18810104	909090	909090
18810105	909090	909090
18810106	909090	909090
18810107	909090	909090
18810108	909090	909090
18810109	909090	909090
18810110	909090	909090
18810111	909090	909090
18810112	909090	909090
18810113	909090	909090
18810114	909090	909090
18810115	909090	909090
18810116	909090	909090
18810117	909090	909090
18810118	909090	909090
18810119	909090	909090
18810120	909090	909090
18810121	909090	909090
18810122	909090	909090
18810123	909090	909090
18810124	909090	909090
18810125	909090	909090
18810126	909090	909090
18810127	909090	909090
18810128	909090	909090
18810129	909090	909090
18810130	909090	909090
18810131	909090	909090
18810201	909090	909090
18810202	909090	909090
18810203	909090	909090
18810204	909090	909090
18810205	909090	909090
18810206	909090	909090
18810207	909090	909090
18810208	909090	909090
18810209	909090	909090
18810210	909090	909090
18810211	909090	909090
18810212	909090	909090
18810213	909090	909090
18810214	909090	909090
18810215	909090	909090
18810216	909090	909090
18810217	909090	909090
18810218	909090	909090
18810219	909090	909090
18810220	909090	909090
18810221	909090	909090
18810222	909090	909090
18810223	909090	909090
18810224	909090	909090
18810225	909090	909090
18810226	909090	909090
18810227	909090	909090
18810228	909090	909090
18810301	909090	909090
18810302	909090	909090
18810303	909090	909090
18810304	909090	909090
18810305	909090	909090
18810306	909090	909090
18810307	909090	909090
18810308	909090	909090
18810309	909090	909090
18810310	909090	909090
18810311	909090	909090
18810312	909090	909090
18810313	909090	909090
18810314	909090	909090
18810315	909090	909090
18810316	909090	909090
18810317	909090	909090
18810318	909090	909090
18810319	909090	909090
18810320	909090	909090
18810321	909090	909090
18810322	909090	909090
18810323	909090	909090
18810324	909090	909090
18810325	909090	909090
18810326	909090	909090
18810327	909090	909090
18810328	909090	909090
18810329	909090	909090
18810330	909090	909090
18810331	909090	909090
18810401	909090	909090
18810402	909090	909090
18810403	909090	909090
18810404	909090	909090
18810405	909090	909090
18810406	909090	909090
18810407	909090	909090
18810408	909090	909090
18810409	909090	909090
18810410	909090	909090
18810411	909090	909090
18810412	909090	909090
18810413	909090	909090
18810414	909090	909090
18810415	909090	909090
18810416	909090	909090
18810417	909090	909090
18810418	909090	909090
18810419	909090	909090
18810420	909090	909090
18810421	909090	909090
18810422	909090	909090
18810423	909090	909090
18810424	909090	909090
18810425	909090	909090
18810426	909090	909090
18810427	909090	909090
18810428	909090	909090
18810429	909090	909090
18810430	909090	909090
18810501	909090	909090
18810502	909090	909090
18810503	909090	909090
18810504	909090	909090
18810505	909090	909090
18810506	909090	909090
18810507	909090	909090
18810508	909090	909090
18810509	909090	909090
18810510	909090	909090
18810511	909090	909090
18810512	909090	909090
18810513	909090	909090
18810514	909090	909090
18810515	909090	909090
18810516	909090	909090
18810517	909090	909090
18810518	909090	909090
18810519	909090	909090
18810520	909090	909090
18810521	909090	909090
18810522	909090	909090
18810523	909090	909090
18810524	909090	909090
18810525	909090	909090
18810526	909090	909090
18810527	909090	909090
18810528	909090	909090
18810529	909090	909090
18810530	909090	909090
18810531	909090	909090
18810601	909090	909090
18810602	909090	909090
18810603	909090	909090
18810604	909090	909090
18810605	909090	909090
18810606	909090	909090
18810607	909090	909090
18810608	909090	909090
18810609	909090	909090
18810610	909090	909090
18810611	909090	909090
18810612	909090	909090
18810613	909090	909090
18810614	909090	909090
18810615	909090	909090
18810616	909090	909090
18810617	909090	909090
18810618	909090	909090
18810619	909090	909090
18810620	909090	909090
18810621	909090	909090
18810622	909090	909090
18810623	909090	909090
18810624	909090	909090
18810625	909090	909090
18810626	909090	909090
18810627	909090	909090
18810628	909090	909090
18810629	909090	909090
18810630	909090	909090
18810701	909090	909090
18810702	909090	909090
18810703	909090	909090
18810704	909090	909090
18810705	909090	909090
18810706	909090	909090
18810707	909090	909090
18810708	909090	909090
18810709	909090	909090
18810710	909090	909090
18810711	909090	909090
18810712	909090	909090
18810713	909090	909090
18810714	909090	909090
18810715	909090	909090
18810716	909090	909090
18810717	909090	909090
18810718	909090	909090
18810719	909090	909090
18810720	909090	909090
18810721	909090	909090
18810722	909090	909090
18810723	909090	909090
18810724	909090	909090
18810725	909090	909090
18810726	909090	909090
18810727	909090	909090
18810728	909090	909090
18810729	909090	909090
18810730	909090	909090
18810731	909090	909090
18810801	909090	909090
18810802	909090	909090
18810803	909090	909090
18810804	909090	909090
18810805	909090	909090
18810806	909090	909090
18810807	909090	909090
18810808	909090	909090
18810809	909090	909090
18810810	909090	909090
18810811	909090	909090
18810812	909090	909090
18810813	909090	909090
18810814	909090	909090
18810815	909090	909090
18810816	909090	909090
18810817	909090	909090
18810818	909090	909090
18810819	909090	909090
18810820	909090	909090
18810821	909090	909090
18810822	909090	909090
18810823	909090	909090
18810824	909090	909090
18810825	909090	909090
18810826	909090	909090
18810827	909090	909090
18810828	909090	909090
18810829	909090	909090
18810830	909090	909090
18810831	909090	909090
18810901	909090	909090
18810902	909090	909090
18810903	909090	909090
18810904	909090	909090
18810905	909090	909090
18810906	909090	909090
18810907	909090	909090
18810908	909090	909090
18810909	909090	909090
18810910	909090	909090
18810911	909090	909090
18810912	909090	909090
18810913	909090	909090
18810914	909090	909090
18810915	909090	909090
18810916	909090	909090
18810917	909090	909090
18810918	909090	909090
18810919	909090	909090
18810920	909090	909090
18810921	909090	909090
18810922	909090	909090
18810923	909090	909090
18810924	909090	909090
18810925	909090	909090
18810926	909090	909090
18810927	909090	909090
18810928	909090	909090
18810929	909090	909090
18810930	909090	909090
18811001	909090	909090
18811002	909090	909090
18811003	909090	909090
18811004	909090	909090
18811005	909090	909090
18811006	909090	909090
18811007	909090	909090
18811008	909090	909090
18811009	909090	909090
18811010	909090	909090
18811011	909090	909090
18811012	909090	909090
18811013	909090	909090
18811014	909090	909090
18811015	909090	909090
18811016	909090	909090
18811017	909090	909090
18811018	909090	909090
18811019	909090	909090
18811020	909090	909090
18811021	909090	909090
18811022	909090	909090
18811023	909090	909090
18811024	909090	909090
18811025	909090	909090
18811026	909090	909090
18811027	909090	909090
18811028	909090	909090
18811029	909090	909090
18811030	909090	909090
18811031	909090	909090
18811101	909090	909090
18811102	909090	909090
18811103	909090	909090
18811104	909090	909090
18811105	909090	909090
18811106	909090	909090
18811107	909090	909090
18811108	909090	909090
18811109	909090	909090
18811110	909090	909090
18811111	909090	909090
18811112	909090	909090
18811113	909090	909090
18811114	909090	909090
18811115	909090	909090
18811116	909090	909090
18811117	909090	909090
18811118	909090	909090
18811119	909090	909090
18811120	909090	909090
18811121	909090	909090
18811122	909090	909090
18811123	909090	909090
18811124	909090	909090
18811125	909090	909090
18811126	909090	909090
18811127	909090	909090
18811128	909090	909090
18811129	909090	909090
18811130	909090	909090
18811201	909090	909090
18811202	909090	909090
18811203	909090	909090
18811204	909090	909090
18811205	909090	909090
18811206	909090	909090
18811207	909090	909090
18811208	909090	909090
18811209	909090	909090
18811210	909090	909090
18811211	909090	909090
18811212	909090	909090
18811213	909090	909090
18811214	909090	909090
18811215	909090	909090
18811216	909090	909090
18811217	909090	909090
18811218	909090	909090
18811219	909090	909090
18811220	909090	909090
18811221	909090	909090
18811222	909090	909090
18811223	909090	909090
18811224	909090	909090
18811225	909090	909090
18811226	909090	909090
18811227	909090	909090
18811228	909090	909090
18811229	909090	909090
18811230	909090	909090
18811231	909090	909090
