Date	Page	Abstract
18880101	909090	909090
18880102	909090	909090
18880103	909090	909090
18880104	909090	909090
18880105	909090	909090
18880106	909090	909090
18880107	909090	909090
18880108	909090	909090
18880109	909090	909090
18880110	909090	909090
18880111	909090	909090
18880112	909090	909090
18880113	909090	909090
18880114	909090	909090
18880115	909090	909090
18880116	909090	909090
18880117	909090	909090
18880118	909090	909090
18880119	909090	909090
18880120	909090	909090
18880121	909090	909090
18880122	909090	909090
18880123	909090	909090
18880124	909090	909090
18880125	909090	909090
18880126	909090	909090
18880127	909090	909090
18880128	909090	909090
18880129	909090	909090
18880130	909090	909090
18880131	909090	909090
18880201	909090	909090
18880202	909090	909090
18880203	909090	909090
18880204	909090	909090
18880205	909090	909090
18880206	909090	909090
18880207	909090	909090
18880208	909090	909090
18880209	909090	909090
18880210	909090	909090
18880211	909090	909090
18880212	909090	909090
18880213	909090	909090
18880214	909090	909090
18880215	909090	909090
18880216	909090	909090
18880217	909090	909090
18880218	909090	909090
18880219	909090	909090
18880220	909090	909090
18880221	909090	909090
18880222	909090	909090
18880223	909090	909090
18880224	909090	909090
18880225	909090	909090
18880226	909090	909090
18880227	909090	909090
18880228	909090	909090
18880229	909090	909090
18880301	909090	909090
18880302	909090	909090
18880303	909090	909090
18880304	909090	909090
18880305	909090	909090
18880306	909090	909090
18880307	909090	909090
18880308	909090	909090
18880309	909090	909090
18880310	909090	909090
18880311	909090	909090
18880312	909090	909090
18880313	909090	909090
18880314	909090	909090
18880315	909090	909090
18880316	909090	909090
18880317	909090	909090
18880318	909090	909090
18880319	909090	909090
18880320	909090	909090
18880321	909090	909090
18880322	909090	909090
18880323	909090	909090
18880324	909090	909090
18880325	909090	909090
18880326	909090	909090
18880327	909090	909090
18880328	909090	909090
18880329	909090	909090
18880330	909090	909090
18880331	909090	909090
18880401	909090	909090
18880402	909090	909090
18880403	909090	909090
18880404	909090	909090
18880405	909090	909090
18880406	909090	909090
18880407	909090	909090
18880408	909090	909090
18880409	909090	909090
18880410	909090	909090
18880411	909090	909090
18880412	909090	909090
18880413	909090	909090
18880414	909090	909090
18880415	909090	909090
18880416	909090	909090
18880417	909090	909090
18880418	909090	909090
18880419	909090	909090
18880420	909090	909090
18880421	909090	909090
18880422	909090	909090
18880423	909090	909090
18880424	909090	909090
18880425	909090	909090
18880426	909090	909090
18880427	909090	909090
18880428	909090	909090
18880429	909090	909090
18880430	909090	909090
18880501	909090	909090
18880502	909090	909090
18880503	909090	909090
18880504	909090	909090
18880505	909090	909090
18880506	909090	909090
18880507	909090	909090
18880508	909090	909090
18880509	909090	909090
18880510	909090	909090
18880511	909090	909090
18880512	909090	909090
18880513	909090	909090
18880514	909090	909090
18880515	909090	909090
18880516	909090	909090
18880517	909090	909090
18880518	909090	909090
18880519	909090	909090
18880520	909090	909090
18880521	909090	909090
18880522	909090	909090
18880523	909090	909090
18880524	909090	909090
18880525	909090	909090
18880526	909090	909090
18880527	909090	909090
18880528	909090	909090
18880529	909090	909090
18880530	909090	909090
18880531	909090	909090
18880601	909090	909090
18880602	909090	909090
18880603	909090	909090
18880604	909090	909090
18880605	909090	909090
18880606	909090	909090
18880607	909090	909090
18880608	909090	909090
18880609	909090	909090
18880610	909090	909090
18880611	909090	909090
18880612	909090	909090
18880613	909090	909090
18880614	909090	909090
18880615	909090	909090
18880616	909090	909090
18880617	909090	909090
18880618	909090	909090
18880619	909090	909090
18880620	909090	909090
18880621	909090	909090
18880622	909090	909090
18880623	909090	909090
18880624	909090	909090
18880625	909090	909090
18880626	909090	909090
18880627	909090	909090
18880628	909090	909090
18880629	909090	909090
18880630	909090	909090
18880701	909090	909090
18880702	909090	909090
18880703	909090	909090
18880704	909090	909090
18880705	909090	909090
18880706	909090	909090
18880707	909090	909090
18880708	909090	909090
18880709	909090	909090
18880710	909090	909090
18880711	909090	909090
18880712	909090	909090
18880713	909090	909090
18880714	909090	909090
18880715	909090	909090
18880716	909090	909090
18880717	909090	909090
18880718	909090	909090
18880719	909090	909090
18880720	909090	909090
18880721	909090	909090
18880722	909090	909090
18880723	909090	909090
18880724	909090	909090
18880725	909090	909090
18880726	909090	909090
18880727	909090	909090
18880728	909090	909090
18880729	909090	909090
18880730	909090	909090
18880731	909090	909090
18880801	909090	909090
18880802	909090	909090
18880803	909090	909090
18880804	909090	909090
18880805	909090	909090
18880806	909090	909090
18880807	909090	909090
18880808	909090	909090
18880809	909090	909090
18880810	909090	909090
18880811	909090	909090
18880812	909090	909090
18880813	909090	909090
18880814	909090	909090
18880815	909090	909090
18880816	909090	909090
18880817	909090	909090
18880818	909090	909090
18880819	909090	909090
18880820	909090	909090
18880821	909090	909090
18880822	909090	909090
18880823	909090	909090
18880824	909090	909090
18880825	909090	909090
18880826	909090	909090
18880827	909090	909090
18880828	909090	909090
18880829	909090	909090
18880830	909090	909090
18880831	909090	909090
18880901	909090	909090
18880902	909090	909090
18880903	909090	909090
18880904	909090	909090
18880905	909090	909090
18880906	909090	909090
18880907	909090	909090
18880908	909090	909090
18880909	909090	909090
18880910	909090	909090
18880911	909090	909090
18880912	909090	909090
18880913	909090	909090
18880914	909090	909090
18880915	909090	909090
18880916	909090	909090
18880917	909090	909090
18880918	909090	909090
18880919	909090	909090
18880920	909090	909090
18880921	909090	909090
18880922	909090	909090
18880923	909090	909090
18880924	909090	909090
18880925	909090	909090
18880926	909090	909090
18880927	909090	909090
18880928	909090	909090
18880929	909090	909090
18880930	909090	909090
18881001	909090	909090
18881002	909090	909090
18881003	909090	909090
18881004	909090	909090
18881005	909090	909090
18881006	909090	909090
18881007	909090	909090
18881008	909090	909090
18881009	909090	909090
18881010	909090	909090
18881011	909090	909090
18881012	909090	909090
18881013	909090	909090
18881014	909090	909090
18881015	909090	909090
18881016	909090	909090
18881017	909090	909090
18881018	909090	909090
18881019	909090	909090
18881020	909090	909090
18881021	909090	909090
18881022	909090	909090
18881023	909090	909090
18881024	909090	909090
18881025	909090	909090
18881026	909090	909090
18881027	909090	909090
18881028	909090	909090
18881029	909090	909090
18881030	909090	909090
18881031	909090	909090
18881101	909090	909090
18881102	909090	909090
18881103	909090	909090
18881104	909090	909090
18881105	909090	909090
18881106	909090	909090
18881107	909090	909090
18881108	909090	909090
18881109	909090	909090
18881110	909090	909090
18881111	909090	909090
18881112	909090	909090
18881113	909090	909090
18881114	909090	909090
18881115	909090	909090
18881116	909090	909090
18881117	909090	909090
18881118	909090	909090
18881119	909090	909090
18881120	909090	909090
18881121	909090	909090
18881122	909090	909090
18881123	909090	909090
18881124	909090	909090
18881125	909090	909090
18881126	909090	909090
18881127	909090	909090
18881128	909090	909090
18881129	909090	909090
18881130	909090	909090
18881201	909090	909090
18881202	909090	909090
18881203	909090	909090
18881204	909090	909090
18881205	909090	909090
18881206	909090	909090
18881207	909090	909090
18881208	909090	909090
18881209	909090	909090
18881210	909090	909090
18881211	909090	909090
18881212	909090	909090
18881213	909090	909090
18881214	909090	909090
18881215	909090	909090
18881216	909090	909090
18881217	909090	909090
18881218	909090	909090
18881219	909090	909090
18881220	909090	909090
18881221	909090	909090
18881222	909090	909090
18881223	909090	909090
18881224	909090	909090
18881225	909090	909090
18881226	909090	909090
18881227	909090	909090
18881228	909090	909090
18881229	909090	909090
18881230	909090	909090
18881231	909090	909090
