Date	Page	Abstract
18820101	909090	909090
18820102	909090	909090
18820103	909090	909090
18820104	909090	909090
18820105	909090	909090
18820106	909090	909090
18820107	909090	909090
18820108	909090	909090
18820109	909090	909090
18820110	909090	909090
18820111	909090	909090
18820112	909090	909090
18820113	909090	909090
18820114	909090	909090
18820115	909090	909090
18820116	909090	909090
18820117	909090	909090
18820118	909090	909090
18820119	909090	909090
18820120	909090	909090
18820121	909090	909090
18820122	909090	909090
18820123	909090	909090
18820124	909090	909090
18820125	909090	909090
18820126	909090	909090
18820127	909090	909090
18820128	909090	909090
18820129	909090	909090
18820130	909090	909090
18820131	909090	909090
18820201	909090	909090
18820202	909090	909090
18820203	909090	909090
18820204	909090	909090
18820205	909090	909090
18820206	909090	909090
18820207	909090	909090
18820208	909090	909090
18820209	909090	909090
18820210	909090	909090
18820211	909090	909090
18820212	909090	909090
18820213	909090	909090
18820214	909090	909090
18820215	909090	909090
18820216	909090	909090
18820217	909090	909090
18820218	909090	909090
18820219	909090	909090
18820220	909090	909090
18820221	909090	909090
18820222	909090	909090
18820223	909090	909090
18820224	909090	909090
18820225	909090	909090
18820226	909090	909090
18820227	909090	909090
18820228	909090	909090
18820301	909090	909090
18820302	909090	909090
18820303	909090	909090
18820304	909090	909090
18820305	909090	909090
18820306	909090	909090
18820307	909090	909090
18820308	909090	909090
18820309	909090	909090
18820310	909090	909090
18820311	909090	909090
18820312	909090	909090
18820313	909090	909090
18820314	909090	909090
18820315	909090	909090
18820316	909090	909090
18820317	909090	909090
18820318	909090	909090
18820319	909090	909090
18820320	909090	909090
18820321	909090	909090
18820322	909090	909090
18820323	909090	909090
18820324	909090	909090
18820325	909090	909090
18820326	909090	909090
18820327	909090	909090
18820328	909090	909090
18820329	909090	909090
18820330	909090	909090
18820331	909090	909090
18820401	909090	909090
18820402	909090	909090
18820403	909090	909090
18820404	909090	909090
18820405	909090	909090
18820406	909090	909090
18820407	909090	909090
18820408	909090	909090
18820409	909090	909090
18820410	909090	909090
18820411	909090	909090
18820412	909090	909090
18820413	909090	909090
18820414	909090	909090
18820415	909090	909090
18820416	909090	909090
18820417	909090	909090
18820418	909090	909090
18820419	909090	909090
18820420	909090	909090
18820421	909090	909090
18820422	909090	909090
18820423	909090	909090
18820424	909090	909090
18820425	909090	909090
18820426	909090	909090
18820427	909090	909090
18820428	909090	909090
18820429	909090	909090
18820430	909090	909090
18820501	909090	909090
18820502	909090	909090
18820503	909090	909090
18820504	909090	909090
18820505	909090	909090
18820506	909090	909090
18820507	909090	909090
18820508	909090	909090
18820509	909090	909090
18820510	909090	909090
18820511	909090	909090
18820512	909090	909090
18820513	909090	909090
18820514	909090	909090
18820515	909090	909090
18820516	909090	909090
18820517	909090	909090
18820518	909090	909090
18820519	909090	909090
18820520	909090	909090
18820521	909090	909090
18820522	909090	909090
18820523	909090	909090
18820524	909090	909090
18820525	909090	909090
18820526	909090	909090
18820527	909090	909090
18820528	909090	909090
18820529	909090	909090
18820530	909090	909090
18820531	909090	909090
18820601	909090	909090
18820602	909090	909090
18820603	909090	909090
18820604	909090	909090
18820605	909090	909090
18820606	909090	909090
18820607	909090	909090
18820608	909090	909090
18820609	909090	909090
18820610	909090	909090
18820611	909090	909090
18820612	909090	909090
18820613	909090	909090
18820614	909090	909090
18820615	909090	909090
18820616	909090	909090
18820617	909090	909090
18820618	909090	909090
18820619	909090	909090
18820620	909090	909090
18820621	909090	909090
18820622	909090	909090
18820623	909090	909090
18820624	909090	909090
18820625	909090	909090
18820626	909090	909090
18820627	909090	909090
18820628	909090	909090
18820629	909090	909090
18820630	909090	909090
18820701	909090	909090
18820702	909090	909090
18820703	909090	909090
18820704	909090	909090
18820705	909090	909090
18820706	909090	909090
18820707	909090	909090
18820708	909090	909090
18820709	909090	909090
18820710	909090	909090
18820711	909090	909090
18820712	909090	909090
18820713	909090	909090
18820714	909090	909090
18820715	909090	909090
18820716	909090	909090
18820717	909090	909090
18820718	909090	909090
18820719	909090	909090
18820720	909090	909090
18820721	909090	909090
18820722	909090	909090
18820723	909090	909090
18820724	909090	909090
18820725	909090	909090
18820726	909090	909090
18820727	909090	909090
18820728	909090	909090
18820729	909090	909090
18820730	909090	909090
18820731	909090	909090
18820801	909090	909090
18820802	909090	909090
18820803	909090	909090
18820804	909090	909090
18820805	909090	909090
18820806	909090	909090
18820807	909090	909090
18820808	909090	909090
18820809	909090	909090
18820810	909090	909090
18820811	909090	909090
18820812	909090	909090
18820813	909090	909090
18820814	909090	909090
18820815	909090	909090
18820816	909090	909090
18820817	909090	909090
18820818	909090	909090
18820819	909090	909090
18820820	909090	909090
18820821	909090	909090
18820822	909090	909090
18820823	909090	909090
18820824	909090	909090
18820825	909090	909090
18820826	909090	909090
18820827	909090	909090
18820828	909090	909090
18820829	909090	909090
18820830	909090	909090
18820831	909090	909090
18820901	909090	909090
18820902	909090	909090
18820903	909090	909090
18820904	909090	909090
18820905	909090	909090
18820906	909090	909090
18820907	909090	909090
18820908	909090	909090
18820909	909090	909090
18820910	909090	909090
18820911	909090	909090
18820912	909090	909090
18820913	909090	909090
18820914	909090	909090
18820915	909090	909090
18820916	909090	909090
18820917	909090	909090
18820918	909090	909090
18820919	909090	909090
18820920	909090	909090
18820921	909090	909090
18820922	909090	909090
18820923	909090	909090
18820924	909090	909090
18820925	909090	909090
18820926	909090	909090
18820927	909090	909090
18820928	909090	909090
18820929	909090	909090
18820930	909090	909090
18821001	909090	909090
18821002	909090	909090
18821003	909090	909090
18821004	909090	909090
18821005	909090	909090
18821006	909090	909090
18821007	909090	909090
18821008	909090	909090
18821009	909090	909090
18821010	909090	909090
18821011	909090	909090
18821012	909090	909090
18821013	909090	909090
18821014	909090	909090
18821015	909090	909090
18821016	909090	909090
18821017	909090	909090
18821018	909090	909090
18821019	909090	909090
18821020	909090	909090
18821021	909090	909090
18821022	909090	909090
18821023	909090	909090
18821024	909090	909090
18821025	909090	909090
18821026	909090	909090
18821027	909090	909090
18821028	909090	909090
18821029	909090	909090
18821030	909090	909090
18821031	909090	909090
18821101	909090	909090
18821102	909090	909090
18821103	909090	909090
18821104	909090	909090
18821105	909090	909090
18821106	909090	909090
18821107	909090	909090
18821108	909090	909090
18821109	909090	909090
18821110	909090	909090
18821111	909090	909090
18821112	909090	909090
18821113	909090	909090
18821114	909090	909090
18821115	909090	909090
18821116	909090	909090
18821117	909090	909090
18821118	909090	909090
18821119	909090	909090
18821120	909090	909090
18821121	909090	909090
18821122	909090	909090
18821123	909090	909090
18821124	909090	909090
18821125	909090	909090
18821126	909090	909090
18821127	909090	909090
18821128	909090	909090
18821129	909090	909090
18821130	909090	909090
18821201	909090	909090
18821202	909090	909090
18821203	909090	909090
18821204	909090	909090
18821205	909090	909090
18821206	909090	909090
18821207	909090	909090
18821208	909090	909090
18821209	909090	909090
18821210	909090	909090
18821211	909090	909090
18821212	909090	909090
18821213	909090	909090
18821214	909090	909090
18821215	909090	909090
18821216	909090	909090
18821217	909090	909090
18821218	909090	909090
18821219	909090	909090
18821220	909090	909090
18821221	909090	909090
18821222	909090	909090
18821223	909090	909090
18821224	909090	909090
18821225	909090	909090
18821226	909090	909090
18821227	909090	909090
18821228	909090	909090
18821229	909090	909090
18821230	909090	909090
18821231	909090	909090
