Date	Page	Abstract
18660101	909090	909090
18660102	909090	909090
18660103	909090	909090
18660104	909090	909090
18660105	909090	909090
18660106	909090	909090
18660107	909090	909090
18660108	909090	909090
18660109	909090	909090
18660110	909090	909090
18660111	909090	909090
18660112	909090	909090
18660113	909090	909090
18660114	909090	909090
18660115	909090	909090
18660116	909090	909090
18660117	909090	909090
18660118	909090	909090
18660119	909090	909090
18660120	909090	909090
18660121	909090	909090
18660122	909090	909090
18660123	909090	909090
18660124	909090	909090
18660125	909090	909090
18660126	909090	909090
18660127	909090	909090
18660128	909090	909090
18660129	909090	909090
18660130	909090	909090
18660131	909090	909090
18660201	909090	909090
18660202	909090	909090
18660203	909090	909090
18660204	909090	909090
18660205	909090	909090
18660206	909090	909090
18660207	909090	909090
18660208	909090	909090
18660209	909090	909090
18660210	909090	909090
18660211	909090	909090
18660212	909090	909090
18660213	909090	909090
18660214	909090	909090
18660215	909090	909090
18660216	909090	909090
18660217	909090	909090
18660218	909090	909090
18660219	909090	909090
18660220	909090	909090
18660221	909090	909090
18660222	909090	909090
18660223	909090	909090
18660224	909090	909090
18660225	909090	909090
18660226	909090	909090
18660227	909090	909090
18660228	909090	909090
18660301	909090	909090
18660302	909090	909090
18660303	909090	909090
18660304	909090	909090
18660305	909090	909090
18660306	909090	909090
18660307	909090	909090
18660308	909090	909090
18660309	909090	909090
18660310	909090	909090
18660311	909090	909090
18660312	909090	909090
18660313	909090	909090
18660314	909090	909090
18660315	909090	909090
18660316	909090	909090
18660317	909090	909090
18660318	909090	909090
18660319	909090	909090
18660320	909090	909090
18660321	909090	909090
18660322	909090	909090
18660323	909090	909090
18660324	909090	909090
18660325	909090	909090
18660326	909090	909090
18660327	909090	909090
18660328	909090	909090
18660329	909090	909090
18660330	909090	909090
18660331	909090	909090
18660401	909090	909090
18660402	909090	909090
18660403	909090	909090
18660404	909090	909090
18660405	909090	909090
18660406	909090	909090
18660407	909090	909090
18660408	909090	909090
18660409	909090	909090
18660410	909090	909090
18660411	909090	909090
18660412	909090	909090
18660413	909090	909090
18660414	909090	909090
18660415	909090	909090
18660416	909090	909090
18660417	909090	909090
18660418	909090	909090
18660419	909090	909090
18660420	909090	909090
18660421	909090	909090
18660422	909090	909090
18660423	909090	909090
18660424	909090	909090
18660425	909090	909090
18660426	909090	909090
18660427	909090	909090
18660428	909090	909090
18660429	909090	909090
18660430	909090	909090
18660501	909090	909090
18660502	909090	909090
18660503	909090	909090
18660504	909090	909090
18660505	909090	909090
18660506	909090	909090
18660507	909090	909090
18660508	909090	909090
18660509	909090	909090
18660510	909090	909090
18660511	909090	909090
18660512	909090	909090
18660513	909090	909090
18660514	909090	909090
18660515	909090	909090
18660516	909090	909090
18660517	909090	909090
18660518	909090	909090
18660519	909090	909090
18660520	909090	909090
18660521	909090	909090
18660522	909090	909090
18660523	909090	909090
18660524	909090	909090
18660525	909090	909090
18660526	909090	909090
18660527	909090	909090
18660528	909090	909090
18660529	909090	909090
18660530	909090	909090
18660531	909090	909090
18660601	909090	909090
18660602	909090	909090
18660603	909090	909090
18660604	909090	909090
18660605	909090	909090
18660606	909090	909090
18660607	909090	909090
18660608	909090	909090
18660609	909090	909090
18660610	909090	909090
18660611	909090	909090
18660612	909090	909090
18660613	909090	909090
18660614	909090	909090
18660615	909090	909090
18660616	909090	909090
18660617	909090	909090
18660618	909090	909090
18660619	909090	909090
18660620	909090	909090
18660621	909090	909090
18660622	909090	909090
18660623	909090	909090
18660624	909090	909090
18660625	909090	909090
18660626	909090	909090
18660627	909090	909090
18660628	909090	909090
18660629	909090	909090
18660630	909090	909090
18660701	909090	909090
18660702	909090	909090
18660703	909090	909090
18660704	909090	909090
18660705	909090	909090
18660706	909090	909090
18660707	909090	909090
18660708	909090	909090
18660709	909090	909090
18660710	909090	909090
18660711	909090	909090
18660712	909090	909090
18660713	909090	909090
18660714	909090	909090
18660715	909090	909090
18660716	909090	909090
18660717	909090	909090
18660718	909090	909090
18660719	909090	909090
18660720	909090	909090
18660721	909090	909090
18660722	909090	909090
18660723	909090	909090
18660724	909090	909090
18660725	909090	909090
18660726	909090	909090
18660727	909090	909090
18660728	909090	909090
18660729	909090	909090
18660730	909090	909090
18660731	909090	909090
18660801	909090	909090
18660802	909090	909090
18660803	909090	909090
18660804	909090	909090
18660805	909090	909090
18660806	909090	909090
18660807	909090	909090
18660808	909090	909090
18660809	909090	909090
18660810	909090	909090
18660811	909090	909090
18660812	909090	909090
18660813	909090	909090
18660814	909090	909090
18660815	909090	909090
18660816	909090	909090
18660817	909090	909090
18660818	909090	909090
18660819	909090	909090
18660820	909090	909090
18660821	909090	909090
18660822	909090	909090
18660823	909090	909090
18660824	909090	909090
18660825	909090	909090
18660826	909090	909090
18660827	909090	909090
18660828	909090	909090
18660829	909090	909090
18660830	909090	909090
18660831	909090	909090
18660901	909090	909090
18660902	909090	909090
18660903	909090	909090
18660904	909090	909090
18660905	909090	909090
18660906	909090	909090
18660907	909090	909090
18660908	909090	909090
18660909	909090	909090
18660910	909090	909090
18660911	909090	909090
18660912	909090	909090
18660913	909090	909090
18660914	909090	909090
18660915	909090	909090
18660916	909090	909090
18660917	909090	909090
18660918	909090	909090
18660919	909090	909090
18660920	909090	909090
18660921	909090	909090
18660922	909090	909090
18660923	909090	909090
18660924	909090	909090
18660925	909090	909090
18660926	909090	909090
18660927	909090	909090
18660928	909090	909090
18660929	909090	909090
18660930	909090	909090
18661001	909090	909090
18661002	909090	909090
18661003	909090	909090
18661004	909090	909090
18661005	909090	909090
18661006	909090	909090
18661007	909090	909090
18661008	909090	909090
18661009	909090	909090
18661010	909090	909090
18661011	909090	909090
18661012	909090	909090
18661013	909090	909090
18661014	909090	909090
18661015	909090	909090
18661016	909090	909090
18661017	909090	909090
18661018	909090	909090
18661019	909090	909090
18661020	909090	909090
18661021	909090	909090
18661022	909090	909090
18661023	909090	909090
18661024	909090	909090
18661025	909090	909090
18661026	909090	909090
18661027	909090	909090
18661028	909090	909090
18661029	909090	909090
18661030	909090	909090
18661031	909090	909090
18661101	909090	909090
18661102	909090	909090
18661103	909090	909090
18661104	909090	909090
18661105	909090	909090
18661106	909090	909090
18661107	909090	909090
18661108	909090	909090
18661109	909090	909090
18661110	909090	909090
18661111	909090	909090
18661112	909090	909090
18661113	909090	909090
18661114	909090	909090
18661115	909090	909090
18661116	909090	909090
18661117	909090	909090
18661118	909090	909090
18661119	909090	909090
18661120	909090	909090
18661121	909090	909090
18661122	909090	909090
18661123	909090	909090
18661124	909090	909090
18661125	909090	909090
18661126	909090	909090
18661127	909090	909090
18661128	909090	909090
18661129	909090	909090
18661130	909090	909090
18661201	909090	909090
18661202	909090	909090
18661203	909090	909090
18661204	909090	909090
18661205	909090	909090
18661206	909090	909090
18661207	909090	909090
18661208	909090	909090
18661209	909090	909090
18661210	909090	909090
18661211	909090	909090
18661212	909090	909090
18661213	909090	909090
18661214	909090	909090
18661215	909090	909090
18661216	909090	909090
18661217	909090	909090
18661218	909090	909090
18661219	909090	909090
18661220	909090	909090
18661221	909090	909090
18661222	909090	909090
18661223	909090	909090
18661224	909090	909090
18661225	909090	909090
18661226	909090	909090
18661227	909090	909090
18661228	909090	909090
18661229	909090	909090
18661230	909090	909090
18661231	909090	909090
