Date	Page	Abstract
18680101	909090	909090
18680102	909090	909090
18680103	909090	909090
18680104	909090	909090
18680105	909090	909090
18680106	909090	909090
18680107	909090	909090
18680108	909090	909090
18680109	909090	909090
18680110	909090	909090
18680111	909090	909090
18680112	909090	909090
18680113	909090	909090
18680114	909090	909090
18680115	909090	909090
18680116	909090	909090
18680117	909090	909090
18680118	909090	909090
18680119	909090	909090
18680120	909090	909090
18680121	909090	909090
18680122	909090	909090
18680123	909090	909090
18680124	909090	909090
18680125	909090	909090
18680126	909090	909090
18680127	909090	909090
18680128	909090	909090
18680129	909090	909090
18680130	909090	909090
18680131	909090	909090
18680201	909090	909090
18680202	909090	909090
18680203	909090	909090
18680204	909090	909090
18680205	909090	909090
18680206	909090	909090
18680207	909090	909090
18680208	909090	909090
18680209	909090	909090
18680210	909090	909090
18680211	909090	909090
18680212	909090	909090
18680213	909090	909090
18680214	909090	909090
18680215	909090	909090
18680216	909090	909090
18680217	909090	909090
18680218	909090	909090
18680219	909090	909090
18680220	909090	909090
18680221	909090	909090
18680222	909090	909090
18680223	909090	909090
18680224	909090	909090
18680225	909090	909090
18680226	909090	909090
18680227	909090	909090
18680228	909090	909090
18680229	909090	909090
18680301	909090	909090
18680302	909090	909090
18680303	909090	909090
18680304	909090	909090
18680305	909090	909090
18680306	909090	909090
18680307	909090	909090
18680308	909090	909090
18680309	909090	909090
18680310	909090	909090
18680311	909090	909090
18680312	909090	909090
18680313	909090	909090
18680314	909090	909090
18680315	909090	909090
18680316	909090	909090
18680317	909090	909090
18680318	909090	909090
18680319	909090	909090
18680320	909090	909090
18680321	909090	909090
18680322	909090	909090
18680323	909090	909090
18680324	909090	909090
18680325	909090	909090
18680326	909090	909090
18680327	909090	909090
18680328	909090	909090
18680329	909090	909090
18680330	909090	909090
18680331	909090	909090
18680401	909090	909090
18680402	909090	909090
18680403	909090	909090
18680404	909090	909090
18680405	909090	909090
18680406	909090	909090
18680407	909090	909090
18680408	909090	909090
18680409	909090	909090
18680410	909090	909090
18680411	909090	909090
18680412	909090	909090
18680413	909090	909090
18680414	909090	909090
18680415	909090	909090
18680416	909090	909090
18680417	909090	909090
18680418	909090	909090
18680419	909090	909090
18680420	909090	909090
18680421	909090	909090
18680422	909090	909090
18680423	909090	909090
18680424	909090	909090
18680425	909090	909090
18680426	909090	909090
18680427	909090	909090
18680428	909090	909090
18680429	909090	909090
18680430	909090	909090
18680501	909090	909090
18680502	909090	909090
18680503	909090	909090
18680504	909090	909090
18680505	909090	909090
18680506	909090	909090
18680507	909090	909090
18680508	909090	909090
18680509	909090	909090
18680510	909090	909090
18680511	909090	909090
18680512	909090	909090
18680513	909090	909090
18680514	909090	909090
18680515	909090	909090
18680516	909090	909090
18680517	909090	909090
18680518	909090	909090
18680519	909090	909090
18680520	909090	909090
18680521	909090	909090
18680522	909090	909090
18680523	909090	909090
18680524	909090	909090
18680525	909090	909090
18680526	909090	909090
18680527	909090	909090
18680528	909090	909090
18680529	909090	909090
18680530	909090	909090
18680531	909090	909090
18680601	909090	909090
18680602	909090	909090
18680603	909090	909090
18680604	909090	909090
18680605	909090	909090
18680606	909090	909090
18680607	909090	909090
18680608	909090	909090
18680609	909090	909090
18680610	909090	909090
18680611	909090	909090
18680612	909090	909090
18680613	909090	909090
18680614	909090	909090
18680615	909090	909090
18680616	909090	909090
18680617	909090	909090
18680618	909090	909090
18680619	909090	909090
18680620	909090	909090
18680621	909090	909090
18680622	909090	909090
18680623	909090	909090
18680624	909090	909090
18680625	909090	909090
18680626	909090	909090
18680627	909090	909090
18680628	909090	909090
18680629	909090	909090
18680630	909090	909090
18680701	909090	909090
18680702	909090	909090
18680703	909090	909090
18680704	909090	909090
18680705	909090	909090
18680706	909090	909090
18680707	909090	909090
18680708	909090	909090
18680709	909090	909090
18680710	909090	909090
18680711	909090	909090
18680712	909090	909090
18680713	909090	909090
18680714	909090	909090
18680715	909090	909090
18680716	909090	909090
18680717	909090	909090
18680718	909090	909090
18680719	909090	909090
18680720	909090	909090
18680721	909090	909090
18680722	909090	909090
18680723	909090	909090
18680724	909090	909090
18680725	909090	909090
18680726	909090	909090
18680727	909090	909090
18680728	909090	909090
18680729	909090	909090
18680730	909090	909090
18680731	909090	909090
18680801	909090	909090
18680802	909090	909090
18680803	909090	909090
18680804	909090	909090
18680805	909090	909090
18680806	909090	909090
18680807	909090	909090
18680808	909090	909090
18680809	909090	909090
18680810	909090	909090
18680811	909090	909090
18680812	909090	909090
18680813	909090	909090
18680814	909090	909090
18680815	909090	909090
18680816	909090	909090
18680817	909090	909090
18680818	909090	909090
18680819	909090	909090
18680820	909090	909090
18680821	909090	909090
18680822	909090	909090
18680823	909090	909090
18680824	909090	909090
18680825	909090	909090
18680826	909090	909090
18680827	909090	909090
18680828	909090	909090
18680829	909090	909090
18680830	909090	909090
18680831	909090	909090
18680901	909090	909090
18680902	909090	909090
18680903	909090	909090
18680904	909090	909090
18680905	909090	909090
18680906	909090	909090
18680907	909090	909090
18680908	909090	909090
18680909	909090	909090
18680910	909090	909090
18680911	909090	909090
18680912	909090	909090
18680913	909090	909090
18680914	909090	909090
18680915	909090	909090
18680916	909090	909090
18680917	909090	909090
18680918	909090	909090
18680919	909090	909090
18680920	909090	909090
18680921	909090	909090
18680922	909090	909090
18680923	909090	909090
18680924	909090	909090
18680925	909090	909090
18680926	909090	909090
18680927	909090	909090
18680928	909090	909090
18680929	909090	909090
18680930	909090	909090
18681001	909090	909090
18681002	909090	909090
18681003	909090	909090
18681004	909090	909090
18681005	909090	909090
18681006	909090	909090
18681007	909090	909090
18681008	909090	909090
18681009	909090	909090
18681010	909090	909090
18681011	909090	909090
18681012	909090	909090
18681013	909090	909090
18681014	909090	909090
18681015	909090	909090
18681016	909090	909090
18681017	909090	909090
18681018	909090	909090
18681019	909090	909090
18681020	909090	909090
18681021	909090	909090
18681022	909090	909090
18681023	909090	909090
18681024	909090	909090
18681025	909090	909090
18681026	909090	909090
18681027	909090	909090
18681028	909090	909090
18681029	909090	909090
18681030	909090	909090
18681031	909090	909090
18681101	909090	909090
18681102	909090	909090
18681103	909090	909090
18681104	909090	909090
18681105	909090	909090
18681106	909090	909090
18681107	909090	909090
18681108	909090	909090
18681109	909090	909090
18681110	909090	909090
18681111	909090	909090
18681112	909090	909090
18681113	909090	909090
18681114	909090	909090
18681115	909090	909090
18681116	909090	909090
18681117	909090	909090
18681118	909090	909090
18681119	909090	909090
18681120	909090	909090
18681121	909090	909090
18681122	909090	909090
18681123	909090	909090
18681124	909090	909090
18681125	909090	909090
18681126	909090	909090
18681127	909090	909090
18681128	909090	909090
18681129	909090	909090
18681130	909090	909090
18681201	909090	909090
18681202	909090	909090
18681203	909090	909090
18681204	909090	909090
18681205	909090	909090
18681206	909090	909090
18681207	909090	909090
18681208	909090	909090
18681209	909090	909090
18681210	909090	909090
18681211	909090	909090
18681212	909090	909090
18681213	909090	909090
18681214	909090	909090
18681215	909090	909090
18681216	909090	909090
18681217	909090	909090
18681218	909090	909090
18681219	909090	909090
18681220	909090	909090
18681221	909090	909090
18681222	909090	909090
18681223	909090	909090
18681224	909090	909090
18681225	909090	909090
18681226	909090	909090
18681227	909090	909090
18681228	909090	909090
18681229	909090	909090
18681230	909090	909090
18681231	909090	909090
