Date	Page	Abstract
18470101	909090	909090
18470102	909090	909090
18470103	909090	909090
18470104	909090	909090
18470105	909090	909090
18470106	909090	909090
18470107	909090	909090
18470108	909090	909090
18470109	909090	909090
18470110	909090	909090
18470111	909090	909090
18470112	909090	909090
18470113	909090	909090
18470114	909090	909090
18470115	909090	909090
18470116	909090	909090
18470117	909090	909090
18470118	909090	909090
18470119	909090	909090
18470120	909090	909090
18470121	909090	909090
18470122	909090	909090
18470123	909090	909090
18470124	909090	909090
18470125	909090	909090
18470126	909090	909090
18470127	909090	909090
18470128	909090	909090
18470129	909090	909090
18470130	909090	909090
18470131	909090	909090
18470201	909090	909090
18470202	909090	909090
18470203	909090	909090
18470204	909090	909090
18470205	909090	909090
18470206	909090	909090
18470207	909090	909090
18470208	909090	909090
18470209	909090	909090
18470210	909090	909090
18470211	909090	909090
18470212	909090	909090
18470213	909090	909090
18470214	909090	909090
18470215	909090	909090
18470216	909090	909090
18470217	909090	909090
18470218	909090	909090
18470219	909090	909090
18470220	909090	909090
18470221	909090	909090
18470222	909090	909090
18470223	909090	909090
18470224	909090	909090
18470225	909090	909090
18470226	909090	909090
18470227	909090	909090
18470228	909090	909090
18470301	909090	909090
18470302	909090	909090
18470303	909090	909090
18470304	909090	909090
18470305	909090	909090
18470306	909090	909090
18470307	909090	909090
18470308	909090	909090
18470309	909090	909090
18470310	909090	909090
18470311	909090	909090
18470312	909090	909090
18470313	909090	909090
18470314	909090	909090
18470315	909090	909090
18470316	909090	909090
18470317	909090	909090
18470318	909090	909090
18470319	909090	909090
18470320	909090	909090
18470321	909090	909090
18470322	909090	909090
18470323	909090	909090
18470324	909090	909090
18470325	909090	909090
18470326	909090	909090
18470327	909090	909090
18470328	909090	909090
18470329	909090	909090
18470330	909090	909090
18470331	909090	909090
18470401	909090	909090
18470402	909090	909090
18470403	909090	909090
18470404	909090	909090
18470405	909090	909090
18470406	909090	909090
18470407	909090	909090
18470408	909090	909090
18470409	909090	909090
18470410	909090	909090
18470411	909090	909090
18470412	909090	909090
18470413	909090	909090
18470414	909090	909090
18470415	909090	909090
18470416	909090	909090
18470417	909090	909090
18470418	909090	909090
18470419	909090	909090
18470420	909090	909090
18470421	909090	909090
18470422	909090	909090
18470423	909090	909090
18470424	909090	909090
18470425	909090	909090
18470426	909090	909090
18470427	909090	909090
18470428	909090	909090
18470429	909090	909090
18470430	909090	909090
18470501	909090	909090
18470502	909090	909090
18470503	909090	909090
18470504	909090	909090
18470505	909090	909090
18470506	909090	909090
18470507	909090	909090
18470508	909090	909090
18470509	909090	909090
18470510	909090	909090
18470511	909090	909090
18470512	909090	909090
18470513	909090	909090
18470514	909090	909090
18470515	909090	909090
18470516	909090	909090
18470517	909090	909090
18470518	909090	909090
18470519	909090	909090
18470520	909090	909090
18470521	909090	909090
18470522	909090	909090
18470523	909090	909090
18470524	909090	909090
18470525	909090	909090
18470526	909090	909090
18470527	909090	909090
18470528	909090	909090
18470529	909090	909090
18470530	909090	909090
18470531	909090	909090
18470601	909090	909090
18470602	909090	909090
18470603	909090	909090
18470604	909090	909090
18470605	909090	909090
18470606	909090	909090
18470607	909090	909090
18470608	909090	909090
18470609	909090	909090
18470610	909090	909090
18470611	909090	909090
18470612	909090	909090
18470613	909090	909090
18470614	909090	909090
18470615	909090	909090
18470616	909090	909090
18470617	909090	909090
18470618	909090	909090
18470619	909090	909090
18470620	909090	909090
18470621	909090	909090
18470622	909090	909090
18470623	909090	909090
18470624	909090	909090
18470625	909090	909090
18470626	909090	909090
18470627	909090	909090
18470628	909090	909090
18470629	909090	909090
18470630	909090	909090
18470701	909090	909090
18470702	909090	909090
18470703	909090	909090
18470704	909090	909090
18470705	909090	909090
18470706	909090	909090
18470707	909090	909090
18470708	909090	909090
18470709	909090	909090
18470710	909090	909090
18470711	909090	909090
18470712	909090	909090
18470713	909090	909090
18470714	909090	909090
18470715	909090	909090
18470716	909090	909090
18470717	909090	909090
18470718	909090	909090
18470719	909090	909090
18470720	909090	909090
18470721	909090	909090
18470722	909090	909090
18470723	909090	909090
18470724	909090	909090
18470725	909090	909090
18470726	909090	909090
18470727	909090	909090
18470728	909090	909090
18470729	909090	909090
18470730	909090	909090
18470731	909090	909090
18470801	909090	909090
18470802	909090	909090
18470803	909090	909090
18470804	909090	909090
18470805	909090	909090
18470806	909090	909090
18470807	909090	909090
18470808	909090	909090
18470809	909090	909090
18470810	909090	909090
18470811	909090	909090
18470812	909090	909090
18470813	909090	909090
18470814	909090	909090
18470815	909090	909090
18470816	909090	909090
18470817	909090	909090
18470818	909090	909090
18470819	909090	909090
18470820	909090	909090
18470821	909090	909090
18470822	909090	909090
18470823	909090	909090
18470824	909090	909090
18470825	909090	909090
18470826	909090	909090
18470827	909090	909090
18470828	909090	909090
18470829	909090	909090
18470830	909090	909090
18470831	909090	909090
18470901	909090	909090
18470902	909090	909090
18470903	909090	909090
18470904	909090	909090
18470905	909090	909090
18470906	909090	909090
18470907	909090	909090
18470908	909090	909090
18470909	909090	909090
18470910	909090	909090
18470911	909090	909090
18470912	909090	909090
18470913	909090	909090
18470914	909090	909090
18470915	909090	909090
18470916	909090	909090
18470917	909090	909090
18470918	909090	909090
18470919	909090	909090
18470920	909090	909090
18470921	909090	909090
18470922	909090	909090
18470923	909090	909090
18470924	909090	909090
18470925	909090	909090
18470926	909090	909090
18470927	909090	909090
18470928	909090	909090
18470929	909090	909090
18470930	909090	909090
18471001	909090	909090
18471002	909090	909090
18471003	909090	909090
18471004	909090	909090
18471005	909090	909090
18471006	909090	909090
18471007	909090	909090
18471008	909090	909090
18471009	909090	909090
18471010	909090	909090
18471011	909090	909090
18471012	909090	909090
18471013	909090	909090
18471014	909090	909090
18471015	909090	909090
18471016	909090	909090
18471017	909090	909090
18471018	909090	909090
18471019	909090	909090
18471020	909090	909090
18471021	909090	909090
18471022	909090	909090
18471023	909090	909090
18471024	909090	909090
18471025	909090	909090
18471026	909090	909090
18471027	909090	909090
18471028	909090	909090
18471029	909090	909090
18471030	909090	909090
18471031	909090	909090
18471101	909090	909090
18471102	909090	909090
18471103	909090	909090
18471104	909090	909090
18471105	909090	909090
18471106	909090	909090
18471107	909090	909090
18471108	909090	909090
18471109	909090	909090
18471110	909090	909090
18471111	909090	909090
18471112	909090	909090
18471113	909090	909090
18471114	909090	909090
18471115	909090	909090
18471116	909090	909090
18471117	909090	909090
18471118	909090	909090
18471119	909090	909090
18471120	909090	909090
18471121	909090	909090
18471122	909090	909090
18471123	909090	909090
18471124	909090	909090
18471125	909090	909090
18471126	909090	909090
18471127	909090	909090
18471128	909090	909090
18471129	909090	909090
18471130	909090	909090
18471201	909090	909090
18471202	909090	909090
18471203	909090	909090
18471204	909090	909090
18471205	909090	909090
18471206	909090	909090
18471207	909090	909090
18471208	909090	909090
18471209	909090	909090
18471210	909090	909090
18471211	909090	909090
18471212	909090	909090
18471213	909090	909090
18471214	909090	909090
18471215	909090	909090
18471216	909090	909090
18471217	909090	909090
18471218	909090	909090
18471219	909090	909090
18471220	909090	909090
18471221	909090	909090
18471222	909090	909090
18471223	909090	909090
18471224	909090	909090
18471225	909090	909090
18471226	909090	909090
18471227	909090	909090
18471228	909090	909090
18471229	909090	909090
18471230	909090	909090
18471231	909090	909090
