Date	Page	Abstract
19440101	909090	909090
19440102	909090	909090
19440103	909090	909090
19440104	909090	909090
19440105	909090	909090
19440106	909090	909090
19440107	909090	909090
19440108	909090	909090
19440109	909090	909090
19440110	909090	909090
19440111	909090	909090
19440112	909090	909090
19440113	909090	909090
19440114	909090	909090
19440115	909090	909090
19440116	909090	909090
19440117	909090	909090
19440118	909090	909090
19440119	909090	909090
19440120	909090	909090
19440121	909090	909090
19440122	909090	909090
19440123	909090	909090
19440124	909090	909090
19440125	909090	909090
19440126	909090	909090
19440127	909090	909090
19440128	909090	909090
19440129	909090	909090
19440130	909090	909090
19440131	909090	909090
19440201	909090	909090
19440202	909090	909090
19440203	909090	909090
19440204	909090	909090
19440205	909090	909090
19440206	909090	909090
19440207	909090	909090
19440208	909090	909090
19440209	909090	909090
19440210	909090	909090
19440211	909090	909090
19440212	909090	909090
19440213	909090	909090
19440214	909090	909090
19440215	909090	909090
19440216	909090	909090
19440217	909090	909090
19440218	909090	909090
19440219	909090	909090
19440220	909090	909090
19440221	909090	909090
19440222	909090	909090
19440223	909090	909090
19440224	909090	909090
19440225	909090	909090
19440226	909090	909090
19440227	909090	909090
19440228	909090	909090
19440229	909090	909090
19440301	909090	909090
19440302	909090	909090
19440303	909090	909090
19440304	909090	909090
19440305	909090	909090
19440306	909090	909090
19440307	909090	909090
19440308	909090	909090
19440309	909090	909090
19440310	909090	909090
19440311	909090	909090
19440312	909090	909090
19440313	909090	909090
19440314	909090	909090
19440315	909090	909090
19440316	909090	909090
19440317	909090	909090
19440318	909090	909090
19440319	909090	909090
19440320	909090	909090
19440321	909090	909090
19440322	909090	909090
19440323	909090	909090
19440324	909090	909090
19440325	909090	909090
19440326	909090	909090
19440327	909090	909090
19440328	909090	909090
19440329	909090	909090
19440330	909090	909090
19440331	909090	909090
19440401	909090	909090
19440402	909090	909090
19440403	909090	909090
19440404	909090	909090
19440405	909090	909090
19440406	909090	909090
19440407	909090	909090
19440408	909090	909090
19440409	909090	909090
19440410	909090	909090
19440411	909090	909090
19440412	909090	909090
19440413	909090	909090
19440414	909090	909090
19440415	909090	909090
19440416	909090	909090
19440417	909090	909090
19440418	909090	909090
19440419	909090	909090
19440420	909090	909090
19440421	909090	909090
19440422	909090	909090
19440423	909090	909090
19440424	909090	909090
19440425	909090	909090
19440426	909090	909090
19440427	909090	909090
19440428	909090	909090
19440429	909090	909090
19440430	909090	909090
19440501	909090	909090
19440502	909090	909090
19440503	909090	909090
19440504	909090	909090
19440505	909090	909090
19440506	909090	909090
19440507	909090	909090
19440508	909090	909090
19440509	909090	909090
19440510	909090	909090
19440511	909090	909090
19440512	909090	909090
19440513	909090	909090
19440514	909090	909090
19440515	909090	909090
19440516	909090	909090
19440517	909090	909090
19440518	909090	909090
19440519	909090	909090
19440520	909090	909090
19440521	909090	909090
19440522	909090	909090
19440523	909090	909090
19440524	909090	909090
19440525	909090	909090
19440526	909090	909090
19440527	909090	909090
19440528	909090	909090
19440529	909090	909090
19440530	909090	909090
19440531	909090	909090
19440601	909090	909090
19440602	909090	909090
19440603	909090	909090
19440604	909090	909090
19440605	909090	909090
19440606	909090	909090
19440607	909090	909090
19440608	909090	909090
19440609	909090	909090
19440610	909090	909090
19440611	909090	909090
19440612	909090	909090
19440613	909090	909090
19440614	909090	909090
19440615	909090	909090
19440616	909090	909090
19440617	909090	909090
19440618	909090	909090
19440619	909090	909090
19440620	909090	909090
19440621	909090	909090
19440622	909090	909090
19440623	909090	909090
19440624	909090	909090
19440625	909090	909090
19440626	909090	909090
19440627	909090	909090
19440628	909090	909090
19440629	909090	909090
19440630	909090	909090
19440701	909090	909090
19440702	909090	909090
19440703	909090	909090
19440704	909090	909090
19440705	909090	909090
19440706	909090	909090
19440707	909090	909090
19440708	909090	909090
19440709	909090	909090
19440710	909090	909090
19440711	909090	909090
19440712	909090	909090
19440713	909090	909090
19440714	909090	909090
19440715	909090	909090
19440716	909090	909090
19440717	909090	909090
19440718	909090	909090
19440719	909090	909090
19440720	909090	909090
19440721	909090	909090
19440722	909090	909090
19440723	909090	909090
19440724	909090	909090
19440725	909090	909090
19440726	909090	909090
19440727	909090	909090
19440728	909090	909090
19440729	909090	909090
19440730	909090	909090
19440731	909090	909090
19440801	909090	909090
19440802	909090	909090
19440803	909090	909090
19440804	909090	909090
19440805	909090	909090
19440806	909090	909090
19440807	909090	909090
19440808	909090	909090
19440809	909090	909090
19440810	909090	909090
19440811	909090	909090
19440812	909090	909090
19440813	909090	909090
19440814	909090	909090
19440815	909090	909090
19440816	909090	909090
19440817	909090	909090
19440818	909090	909090
19440819	909090	909090
19440820	909090	909090
19440821	909090	909090
19440822	909090	909090
19440823	909090	909090
19440824	909090	909090
19440825	909090	909090
19440826	909090	909090
19440827	909090	909090
19440828	909090	909090
19440829	909090	909090
19440830	909090	909090
19440831	909090	909090
19440901	909090	909090
19440902	909090	909090
19440903	909090	909090
19440904	909090	909090
19440905	909090	909090
19440906	909090	909090
19440907	909090	909090
19440908	909090	909090
19440909	909090	909090
19440910	909090	909090
19440911	909090	909090
19440912	909090	909090
19440913	909090	909090
19440914	909090	909090
19440915	909090	909090
19440916	909090	909090
19440917	909090	909090
19440918	909090	909090
19440919	909090	909090
19440920	909090	909090
19440921	909090	909090
19440922	909090	909090
19440923	909090	909090
19440924	909090	909090
19440925	909090	909090
19440926	909090	909090
19440927	909090	909090
19440928	909090	909090
19440929	909090	909090
19440930	909090	909090
19441001	909090	909090
19441002	909090	909090
19441003	909090	909090
19441004	909090	909090
19441005	909090	909090
19441006	909090	909090
19441007	909090	909090
19441008	909090	909090
19441009	909090	909090
19441010	909090	909090
19441011	909090	909090
19441012	909090	909090
19441013	909090	909090
19441014	909090	909090
19441015	909090	909090
19441016	909090	909090
19441017	909090	909090
19441018	909090	909090
19441019	909090	909090
19441020	909090	909090
19441021	909090	909090
19441022	909090	909090
19441023	909090	909090
19441024	909090	909090
19441025	909090	909090
19441026	909090	909090
19441027	909090	909090
19441028	909090	909090
19441029	909090	909090
19441030	909090	909090
19441031	909090	909090
19441101	909090	909090
19441102	909090	909090
19441103	909090	909090
19441104	909090	909090
19441105	909090	909090
19441106	909090	909090
19441107	909090	909090
19441108	909090	909090
19441109	909090	909090
19441110	909090	909090
19441111	909090	909090
19441112	909090	909090
19441113	909090	909090
19441114	909090	909090
19441115	909090	909090
19441116	909090	909090
19441117	909090	909090
19441118	909090	909090
19441119	909090	909090
19441120	909090	909090
19441121	909090	909090
19441122	909090	909090
19441123	909090	909090
19441124	909090	909090
19441125	909090	909090
19441126	909090	909090
19441127	909090	909090
19441128	909090	909090
19441129	909090	909090
19441130	909090	909090
19441201	909090	909090
19441202	909090	909090
19441203	909090	909090
19441204	909090	909090
19441205	909090	909090
19441206	909090	909090
19441207	909090	909090
19441208	909090	909090
19441209	909090	909090
19441210	909090	909090
19441211	909090	909090
19441212	909090	909090
19441213	909090	909090
19441214	909090	909090
19441215	909090	909090
19441216	909090	909090
19441217	909090	909090
19441218	909090	909090
19441219	909090	909090
19441220	909090	909090
19441221	909090	909090
19441222	909090	909090
19441223	909090	909090
19441224	909090	909090
19441225	909090	909090
19441226	909090	909090
19441227	909090	909090
19441228	909090	909090
19441229	909090	909090
19441230	909090	909090
19441231	909090	909090
