Date	Page	Abstract
18600101	909090	909090
18600102	909090	909090
18600103	909090	909090
18600104	909090	909090
18600105	909090	909090
18600106	909090	909090
18600107	909090	909090
18600108	909090	909090
18600109	909090	909090
18600110	909090	909090
18600111	909090	909090
18600112	909090	909090
18600113	909090	909090
18600114	909090	909090
18600115	909090	909090
18600116	909090	909090
18600117	909090	909090
18600118	909090	909090
18600119	909090	909090
18600120	909090	909090
18600121	909090	909090
18600122	909090	909090
18600123	909090	909090
18600124	909090	909090
18600125	909090	909090
18600126	909090	909090
18600127	909090	909090
18600128	909090	909090
18600129	909090	909090
18600130	909090	909090
18600131	909090	909090
18600201	909090	909090
18600202	909090	909090
18600203	909090	909090
18600204	909090	909090
18600205	909090	909090
18600206	909090	909090
18600207	909090	909090
18600208	909090	909090
18600209	909090	909090
18600210	909090	909090
18600211	909090	909090
18600212	909090	909090
18600213	909090	909090
18600214	909090	909090
18600215	909090	909090
18600216	909090	909090
18600217	909090	909090
18600218	909090	909090
18600219	909090	909090
18600220	909090	909090
18600221	909090	909090
18600222	909090	909090
18600223	909090	909090
18600224	909090	909090
18600225	909090	909090
18600226	909090	909090
18600227	909090	909090
18600228	909090	909090
18600229	909090	909090
18600301	909090	909090
18600302	909090	909090
18600303	909090	909090
18600304	909090	909090
18600305	909090	909090
18600306	909090	909090
18600307	909090	909090
18600308	909090	909090
18600309	909090	909090
18600310	909090	909090
18600311	909090	909090
18600312	909090	909090
18600313	909090	909090
18600314	909090	909090
18600315	909090	909090
18600316	909090	909090
18600317	909090	909090
18600318	909090	909090
18600319	909090	909090
18600320	909090	909090
18600321	909090	909090
18600322	909090	909090
18600323	909090	909090
18600324	909090	909090
18600325	909090	909090
18600326	909090	909090
18600327	909090	909090
18600328	909090	909090
18600329	909090	909090
18600330	909090	909090
18600331	909090	909090
18600401	909090	909090
18600402	909090	909090
18600403	909090	909090
18600404	909090	909090
18600405	909090	909090
18600406	909090	909090
18600407	909090	909090
18600408	909090	909090
18600409	909090	909090
18600410	909090	909090
18600411	909090	909090
18600412	909090	909090
18600413	909090	909090
18600414	909090	909090
18600415	909090	909090
18600416	909090	909090
18600417	909090	909090
18600418	909090	909090
18600419	909090	909090
18600420	909090	909090
18600421	909090	909090
18600422	909090	909090
18600423	909090	909090
18600424	909090	909090
18600425	909090	909090
18600426	909090	909090
18600427	909090	909090
18600428	909090	909090
18600429	909090	909090
18600430	909090	909090
18600501	909090	909090
18600502	909090	909090
18600503	909090	909090
18600504	909090	909090
18600505	909090	909090
18600506	909090	909090
18600507	909090	909090
18600508	909090	909090
18600509	909090	909090
18600510	909090	909090
18600511	909090	909090
18600512	909090	909090
18600513	909090	909090
18600514	909090	909090
18600515	909090	909090
18600516	909090	909090
18600517	909090	909090
18600518	909090	909090
18600519	909090	909090
18600520	909090	909090
18600521	909090	909090
18600522	909090	909090
18600523	909090	909090
18600524	909090	909090
18600525	909090	909090
18600526	909090	909090
18600527	909090	909090
18600528	909090	909090
18600529	909090	909090
18600530	909090	909090
18600531	909090	909090
18600601	909090	909090
18600602	909090	909090
18600603	909090	909090
18600604	909090	909090
18600605	909090	909090
18600606	909090	909090
18600607	909090	909090
18600608	909090	909090
18600609	909090	909090
18600610	909090	909090
18600611	909090	909090
18600612	909090	909090
18600613	909090	909090
18600614	909090	909090
18600615	909090	909090
18600616	909090	909090
18600617	909090	909090
18600618	909090	909090
18600619	909090	909090
18600620	909090	909090
18600621	909090	909090
18600622	909090	909090
18600623	909090	909090
18600624	909090	909090
18600625	909090	909090
18600626	909090	909090
18600627	909090	909090
18600628	909090	909090
18600629	909090	909090
18600630	909090	909090
18600701	909090	909090
18600702	909090	909090
18600703	909090	909090
18600704	909090	909090
18600705	909090	909090
18600706	909090	909090
18600707	909090	909090
18600708	909090	909090
18600709	909090	909090
18600710	909090	909090
18600711	909090	909090
18600712	909090	909090
18600713	909090	909090
18600714	909090	909090
18600715	909090	909090
18600716	909090	909090
18600717	909090	909090
18600718	909090	909090
18600719	909090	909090
18600720	909090	909090
18600721	909090	909090
18600722	909090	909090
18600723	909090	909090
18600724	909090	909090
18600725	909090	909090
18600726	909090	909090
18600727	909090	909090
18600728	909090	909090
18600729	909090	909090
18600730	909090	909090
18600731	909090	909090
18600801	909090	909090
18600802	909090	909090
18600803	909090	909090
18600804	909090	909090
18600805	909090	909090
18600806	909090	909090
18600807	909090	909090
18600808	909090	909090
18600809	909090	909090
18600810	909090	909090
18600811	909090	909090
18600812	909090	909090
18600813	909090	909090
18600814	909090	909090
18600815	909090	909090
18600816	909090	909090
18600817	909090	909090
18600818	909090	909090
18600819	909090	909090
18600820	909090	909090
18600821	909090	909090
18600822	909090	909090
18600823	909090	909090
18600824	909090	909090
18600825	909090	909090
18600826	909090	909090
18600827	909090	909090
18600828	909090	909090
18600829	909090	909090
18600830	909090	909090
18600831	909090	909090
18600901	909090	909090
18600902	909090	909090
18600903	909090	909090
18600904	909090	909090
18600905	909090	909090
18600906	909090	909090
18600907	909090	909090
18600908	909090	909090
18600909	909090	909090
18600910	909090	909090
18600911	909090	909090
18600912	909090	909090
18600913	909090	909090
18600914	909090	909090
18600915	909090	909090
18600916	909090	909090
18600917	909090	909090
18600918	909090	909090
18600919	909090	909090
18600920	909090	909090
18600921	909090	909090
18600922	909090	909090
18600923	909090	909090
18600924	909090	909090
18600925	909090	909090
18600926	909090	909090
18600927	909090	909090
18600928	909090	909090
18600929	909090	909090
18600930	909090	909090
18601001	909090	909090
18601002	909090	909090
18601003	909090	909090
18601004	909090	909090
18601005	909090	909090
18601006	909090	909090
18601007	909090	909090
18601008	909090	909090
18601009	909090	909090
18601010	909090	909090
18601011	909090	909090
18601012	909090	909090
18601013	909090	909090
18601014	909090	909090
18601015	909090	909090
18601016	909090	909090
18601017	909090	909090
18601018	909090	909090
18601019	909090	909090
18601020	909090	909090
18601021	909090	909090
18601022	909090	909090
18601023	909090	909090
18601024	909090	909090
18601025	909090	909090
18601026	909090	909090
18601027	909090	909090
18601028	909090	909090
18601029	909090	909090
18601030	909090	909090
18601031	909090	909090
18601101	909090	909090
18601102	909090	909090
18601103	909090	909090
18601104	909090	909090
18601105	909090	909090
18601106	909090	909090
18601107	909090	909090
18601108	909090	909090
18601109	909090	909090
18601110	909090	909090
18601111	909090	909090
18601112	909090	909090
18601113	909090	909090
18601114	909090	909090
18601115	909090	909090
18601116	909090	909090
18601117	909090	909090
18601118	909090	909090
18601119	909090	909090
18601120	909090	909090
18601121	909090	909090
18601122	909090	909090
18601123	909090	909090
18601124	909090	909090
18601125	909090	909090
18601126	909090	909090
18601127	909090	909090
18601128	909090	909090
18601129	909090	909090
18601130	909090	909090
18601201	909090	909090
18601202	909090	909090
18601203	909090	909090
18601204	909090	909090
18601205	909090	909090
18601206	909090	909090
18601207	909090	909090
18601208	909090	909090
18601209	909090	909090
18601210	909090	909090
18601211	909090	909090
18601212	909090	909090
18601213	909090	909090
18601214	909090	909090
18601215	909090	909090
18601216	909090	909090
18601217	909090	909090
18601218	909090	909090
18601219	909090	909090
18601220	909090	909090
18601221	909090	909090
18601222	909090	909090
18601223	909090	909090
18601224	909090	909090
18601225	909090	909090
18601226	909090	909090
18601227	909090	909090
18601228	909090	909090
18601229	909090	909090
18601230	909090	909090
18601231	909090	909090
