Date	Page	Abstract
19430101	909090	909090
19430102	909090	909090
19430103	909090	909090
19430104	909090	909090
19430105	909090	909090
19430106	909090	909090
19430107	909090	909090
19430108	909090	909090
19430109	909090	909090
19430110	909090	909090
19430111	909090	909090
19430112	909090	909090
19430113	909090	909090
19430114	909090	909090
19430115	909090	909090
19430116	909090	909090
19430117	909090	909090
19430118	909090	909090
19430119	909090	909090
19430120	909090	909090
19430121	909090	909090
19430122	909090	909090
19430123	909090	909090
19430124	909090	909090
19430125	909090	909090
19430126	909090	909090
19430127	909090	909090
19430128	909090	909090
19430129	909090	909090
19430130	909090	909090
19430131	909090	909090
19430201	909090	909090
19430202	909090	909090
19430203	909090	909090
19430204	909090	909090
19430205	909090	909090
19430206	909090	909090
19430207	909090	909090
19430208	909090	909090
19430209	909090	909090
19430210	909090	909090
19430211	909090	909090
19430212	909090	909090
19430213	909090	909090
19430214	909090	909090
19430215	909090	909090
19430216	909090	909090
19430217	909090	909090
19430218	909090	909090
19430219	909090	909090
19430220	909090	909090
19430221	909090	909090
19430222	909090	909090
19430223	909090	909090
19430224	909090	909090
19430225	909090	909090
19430226	909090	909090
19430227	909090	909090
19430228	909090	909090
19430301	909090	909090
19430302	909090	909090
19430303	909090	909090
19430304	909090	909090
19430305	909090	909090
19430306	909090	909090
19430307	909090	909090
19430308	909090	909090
19430309	909090	909090
19430310	909090	909090
19430311	909090	909090
19430312	909090	909090
19430313	909090	909090
19430314	909090	909090
19430315	909090	909090
19430316	909090	909090
19430317	909090	909090
19430318	909090	909090
19430319	909090	909090
19430320	909090	909090
19430321	909090	909090
19430322	909090	909090
19430323	909090	909090
19430324	909090	909090
19430325	909090	909090
19430326	909090	909090
19430327	909090	909090
19430328	909090	909090
19430329	909090	909090
19430330	909090	909090
19430331	909090	909090
19430401	909090	909090
19430402	909090	909090
19430403	909090	909090
19430404	909090	909090
19430405	909090	909090
19430406	909090	909090
19430407	909090	909090
19430408	909090	909090
19430409	909090	909090
19430410	909090	909090
19430411	909090	909090
19430412	909090	909090
19430413	909090	909090
19430414	909090	909090
19430415	909090	909090
19430416	909090	909090
19430417	909090	909090
19430418	909090	909090
19430419	909090	909090
19430420	909090	909090
19430421	909090	909090
19430422	909090	909090
19430423	909090	909090
19430424	909090	909090
19430425	909090	909090
19430426	909090	909090
19430427	909090	909090
19430428	909090	909090
19430429	909090	909090
19430430	909090	909090
19430501	909090	909090
19430502	909090	909090
19430503	909090	909090
19430504	909090	909090
19430505	909090	909090
19430506	909090	909090
19430507	909090	909090
19430508	909090	909090
19430509	909090	909090
19430510	909090	909090
19430511	909090	909090
19430512	909090	909090
19430513	909090	909090
19430514	909090	909090
19430515	909090	909090
19430516	909090	909090
19430517	909090	909090
19430518	909090	909090
19430519	909090	909090
19430520	909090	909090
19430521	909090	909090
19430522	909090	909090
19430523	909090	909090
19430524	909090	909090
19430525	909090	909090
19430526	909090	909090
19430527	909090	909090
19430528	909090	909090
19430529	909090	909090
19430530	909090	909090
19430531	909090	909090
19430601	909090	909090
19430602	909090	909090
19430603	909090	909090
19430604	909090	909090
19430605	909090	909090
19430606	909090	909090
19430607	909090	909090
19430608	909090	909090
19430609	909090	909090
19430610	909090	909090
19430611	909090	909090
19430612	909090	909090
19430613	909090	909090
19430614	909090	909090
19430615	909090	909090
19430616	909090	909090
19430617	909090	909090
19430618	909090	909090
19430619	909090	909090
19430620	909090	909090
19430621	909090	909090
19430622	909090	909090
19430623	909090	909090
19430624	909090	909090
19430625	909090	909090
19430626	909090	909090
19430627	909090	909090
19430628	909090	909090
19430629	909090	909090
19430630	909090	909090
19430701	909090	909090
19430702	909090	909090
19430703	909090	909090
19430704	909090	909090
19430705	909090	909090
19430706	909090	909090
19430707	909090	909090
19430708	909090	909090
19430709	909090	909090
19430710	909090	909090
19430711	909090	909090
19430712	909090	909090
19430713	909090	909090
19430714	909090	909090
19430715	909090	909090
19430716	909090	909090
19430717	909090	909090
19430718	909090	909090
19430719	909090	909090
19430720	909090	909090
19430721	909090	909090
19430722	909090	909090
19430723	909090	909090
19430724	909090	909090
19430725	909090	909090
19430726	909090	909090
19430727	909090	909090
19430728	909090	909090
19430729	909090	909090
19430730	909090	909090
19430731	909090	909090
19430801	909090	909090
19430802	909090	909090
19430803	909090	909090
19430804	909090	909090
19430805	909090	909090
19430806	909090	909090
19430807	909090	909090
19430808	909090	909090
19430809	909090	909090
19430810	909090	909090
19430811	909090	909090
19430812	909090	909090
19430813	909090	909090
19430814	909090	909090
19430815	909090	909090
19430816	909090	909090
19430817	909090	909090
19430818	909090	909090
19430819	909090	909090
19430820	909090	909090
19430821	909090	909090
19430822	909090	909090
19430823	909090	909090
19430824	909090	909090
19430825	909090	909090
19430826	909090	909090
19430827	909090	909090
19430828	909090	909090
19430829	909090	909090
19430830	909090	909090
19430831	909090	909090
19430901	909090	909090
19430902	909090	909090
19430903	909090	909090
19430904	909090	909090
19430905	909090	909090
19430906	909090	909090
19430907	909090	909090
19430908	909090	909090
19430909	909090	909090
19430910	909090	909090
19430911	909090	909090
19430912	909090	909090
19430913	909090	909090
19430914	909090	909090
19430915	909090	909090
19430916	909090	909090
19430917	909090	909090
19430918	909090	909090
19430919	909090	909090
19430920	909090	909090
19430921	909090	909090
19430922	909090	909090
19430923	909090	909090
19430924	909090	909090
19430925	909090	909090
19430926	909090	909090
19430927	909090	909090
19430928	909090	909090
19430929	909090	909090
19430930	909090	909090
19431001	909090	909090
19431002	909090	909090
19431003	909090	909090
19431004	909090	909090
19431005	909090	909090
19431006	909090	909090
19431007	909090	909090
19431008	909090	909090
19431009	909090	909090
19431010	909090	909090
19431011	909090	909090
19431012	909090	909090
19431013	909090	909090
19431014	909090	909090
19431015	909090	909090
19431016	909090	909090
19431017	909090	909090
19431018	909090	909090
19431019	909090	909090
19431020	909090	909090
19431021	909090	909090
19431022	909090	909090
19431023	909090	909090
19431024	909090	909090
19431025	909090	909090
19431026	909090	909090
19431027	909090	909090
19431028	909090	909090
19431029	909090	909090
19431030	909090	909090
19431031	909090	909090
19431101	909090	909090
19431102	909090	909090
19431103	909090	909090
19431104	909090	909090
19431105	909090	909090
19431106	909090	909090
19431107	909090	909090
19431108	909090	909090
19431109	909090	909090
19431110	909090	909090
19431111	909090	909090
19431112	909090	909090
19431113	909090	909090
19431114	909090	909090
19431115	909090	909090
19431116	909090	909090
19431117	909090	909090
19431118	909090	909090
19431119	909090	909090
19431120	909090	909090
19431121	909090	909090
19431122	909090	909090
19431123	909090	909090
19431124	909090	909090
19431125	909090	909090
19431126	909090	909090
19431127	909090	909090
19431128	909090	909090
19431129	909090	909090
19431130	909090	909090
19431201	909090	909090
19431202	909090	909090
19431203	909090	909090
19431204	909090	909090
19431205	909090	909090
19431206	909090	909090
19431207	909090	909090
19431208	909090	909090
19431209	909090	909090
19431210	909090	909090
19431211	909090	909090
19431212	909090	909090
19431213	909090	909090
19431214	909090	909090
19431215	909090	909090
19431216	909090	909090
19431217	909090	909090
19431218	909090	909090
19431219	909090	909090
19431220	909090	909090
19431221	909090	909090
19431222	909090	909090
19431223	909090	909090
19431224	909090	909090
19431225	909090	909090
19431226	909090	909090
19431227	909090	909090
19431228	909090	909090
19431229	909090	909090
19431230	909090	909090
19431231	909090	909090
