Date	Page	Abstract
18710101	909090	909090
18710102	909090	909090
18710103	909090	909090
18710104	909090	909090
18710105	909090	909090
18710106	909090	909090
18710107	909090	909090
18710108	909090	909090
18710109	909090	909090
18710110	909090	909090
18710111	909090	909090
18710112	909090	909090
18710113	909090	909090
18710114	909090	909090
18710115	909090	909090
18710116	909090	909090
18710117	909090	909090
18710118	909090	909090
18710119	909090	909090
18710120	909090	909090
18710121	909090	909090
18710122	909090	909090
18710123	909090	909090
18710124	909090	909090
18710125	909090	909090
18710126	909090	909090
18710127	909090	909090
18710128	909090	909090
18710129	909090	909090
18710130	909090	909090
18710131	909090	909090
18710201	909090	909090
18710202	909090	909090
18710203	909090	909090
18710204	909090	909090
18710205	909090	909090
18710206	909090	909090
18710207	909090	909090
18710208	909090	909090
18710209	909090	909090
18710210	909090	909090
18710211	909090	909090
18710212	909090	909090
18710213	909090	909090
18710214	909090	909090
18710215	909090	909090
18710216	909090	909090
18710217	909090	909090
18710218	909090	909090
18710219	909090	909090
18710220	909090	909090
18710221	909090	909090
18710222	909090	909090
18710223	909090	909090
18710224	909090	909090
18710225	909090	909090
18710226	909090	909090
18710227	909090	909090
18710228	909090	909090
18710301	909090	909090
18710302	909090	909090
18710303	909090	909090
18710304	909090	909090
18710305	909090	909090
18710306	909090	909090
18710307	909090	909090
18710308	909090	909090
18710309	909090	909090
18710310	909090	909090
18710311	909090	909090
18710312	909090	909090
18710313	909090	909090
18710314	909090	909090
18710315	909090	909090
18710316	909090	909090
18710317	909090	909090
18710318	909090	909090
18710319	909090	909090
18710320	909090	909090
18710321	909090	909090
18710322	909090	909090
18710323	909090	909090
18710324	909090	909090
18710325	909090	909090
18710326	909090	909090
18710327	909090	909090
18710328	909090	909090
18710329	909090	909090
18710330	909090	909090
18710331	909090	909090
18710401	909090	909090
18710402	909090	909090
18710403	909090	909090
18710404	909090	909090
18710405	909090	909090
18710406	909090	909090
18710407	909090	909090
18710408	909090	909090
18710409	909090	909090
18710410	909090	909090
18710411	909090	909090
18710412	909090	909090
18710413	909090	909090
18710414	909090	909090
18710415	909090	909090
18710416	909090	909090
18710417	909090	909090
18710418	909090	909090
18710419	909090	909090
18710420	909090	909090
18710421	909090	909090
18710422	909090	909090
18710423	909090	909090
18710424	909090	909090
18710425	909090	909090
18710426	909090	909090
18710427	909090	909090
18710428	909090	909090
18710429	909090	909090
18710430	909090	909090
18710501	909090	909090
18710502	909090	909090
18710503	909090	909090
18710504	909090	909090
18710505	909090	909090
18710506	909090	909090
18710507	909090	909090
18710508	909090	909090
18710509	909090	909090
18710510	909090	909090
18710511	909090	909090
18710512	909090	909090
18710513	909090	909090
18710514	909090	909090
18710515	909090	909090
18710516	909090	909090
18710517	909090	909090
18710518	909090	909090
18710519	909090	909090
18710520	909090	909090
18710521	909090	909090
18710522	909090	909090
18710523	909090	909090
18710524	909090	909090
18710525	909090	909090
18710526	909090	909090
18710527	909090	909090
18710528	909090	909090
18710529	909090	909090
18710530	909090	909090
18710531	909090	909090
18710601	909090	909090
18710602	909090	909090
18710603	909090	909090
18710604	909090	909090
18710605	909090	909090
18710606	909090	909090
18710607	909090	909090
18710608	909090	909090
18710609	909090	909090
18710610	909090	909090
18710611	909090	909090
18710612	909090	909090
18710613	909090	909090
18710614	909090	909090
18710615	909090	909090
18710616	909090	909090
18710617	909090	909090
18710618	909090	909090
18710619	909090	909090
18710620	909090	909090
18710621	909090	909090
18710622	909090	909090
18710623	909090	909090
18710624	909090	909090
18710625	909090	909090
18710626	909090	909090
18710627	909090	909090
18710628	909090	909090
18710629	909090	909090
18710630	909090	909090
18710701	909090	909090
18710702	909090	909090
18710703	909090	909090
18710704	909090	909090
18710705	909090	909090
18710706	909090	909090
18710707	909090	909090
18710708	909090	909090
18710709	909090	909090
18710710	909090	909090
18710711	909090	909090
18710712	909090	909090
18710713	909090	909090
18710714	909090	909090
18710715	909090	909090
18710716	909090	909090
18710717	909090	909090
18710718	909090	909090
18710719	909090	909090
18710720	909090	909090
18710721	909090	909090
18710722	909090	909090
18710723	909090	909090
18710724	909090	909090
18710725	909090	909090
18710726	909090	909090
18710727	909090	909090
18710728	909090	909090
18710729	909090	909090
18710730	909090	909090
18710731	909090	909090
18710801	909090	909090
18710802	909090	909090
18710803	909090	909090
18710804	909090	909090
18710805	909090	909090
18710806	909090	909090
18710807	909090	909090
18710808	909090	909090
18710809	909090	909090
18710810	909090	909090
18710811	909090	909090
18710812	909090	909090
18710813	909090	909090
18710814	909090	909090
18710815	909090	909090
18710816	909090	909090
18710817	909090	909090
18710818	909090	909090
18710819	909090	909090
18710820	909090	909090
18710821	909090	909090
18710822	909090	909090
18710823	909090	909090
18710824	909090	909090
18710825	909090	909090
18710826	909090	909090
18710827	909090	909090
18710828	909090	909090
18710829	909090	909090
18710830	909090	909090
18710831	909090	909090
18710901	909090	909090
18710902	909090	909090
18710903	909090	909090
18710904	909090	909090
18710905	909090	909090
18710906	909090	909090
18710907	909090	909090
18710908	909090	909090
18710909	909090	909090
18710910	909090	909090
18710911	909090	909090
18710912	909090	909090
18710913	909090	909090
18710914	909090	909090
18710915	909090	909090
18710916	909090	909090
18710917	909090	909090
18710918	909090	909090
18710919	909090	909090
18710920	909090	909090
18710921	909090	909090
18710922	909090	909090
18710923	909090	909090
18710924	909090	909090
18710925	909090	909090
18710926	909090	909090
18710927	909090	909090
18710928	909090	909090
18710929	909090	909090
18710930	909090	909090
18711001	909090	909090
18711002	909090	909090
18711003	909090	909090
18711004	909090	909090
18711005	909090	909090
18711006	909090	909090
18711007	909090	909090
18711008	909090	909090
18711009	909090	909090
18711010	909090	909090
18711011	909090	909090
18711012	909090	909090
18711013	909090	909090
18711014	909090	909090
18711015	909090	909090
18711016	909090	909090
18711017	909090	909090
18711018	909090	909090
18711019	909090	909090
18711020	909090	909090
18711021	909090	909090
18711022	909090	909090
18711023	909090	909090
18711024	909090	909090
18711025	909090	909090
18711026	909090	909090
18711027	909090	909090
18711028	909090	909090
18711029	909090	909090
18711030	909090	909090
18711031	909090	909090
18711101	909090	909090
18711102	909090	909090
18711103	909090	909090
18711104	909090	909090
18711105	909090	909090
18711106	909090	909090
18711107	909090	909090
18711108	909090	909090
18711109	909090	909090
18711110	909090	909090
18711111	909090	909090
18711112	909090	909090
18711113	909090	909090
18711114	909090	909090
18711115	909090	909090
18711116	909090	909090
18711117	909090	909090
18711118	909090	909090
18711119	909090	909090
18711120	909090	909090
18711121	909090	909090
18711122	909090	909090
18711123	909090	909090
18711124	909090	909090
18711125	909090	909090
18711126	909090	909090
18711127	909090	909090
18711128	909090	909090
18711129	909090	909090
18711130	909090	909090
18711201	909090	909090
18711202	909090	909090
18711203	909090	909090
18711204	909090	909090
18711205	909090	909090
18711206	909090	909090
18711207	909090	909090
18711208	909090	909090
18711209	909090	909090
18711210	909090	909090
18711211	909090	909090
18711212	909090	909090
18711213	909090	909090
18711214	909090	909090
18711215	909090	909090
18711216	909090	909090
18711217	909090	909090
18711218	909090	909090
18711219	909090	909090
18711220	909090	909090
18711221	909090	909090
18711222	909090	909090
18711223	909090	909090
18711224	909090	909090
18711225	909090	909090
18711226	909090	909090
18711227	909090	909090
18711228	909090	909090
18711229	909090	909090
18711230	909090	909090
18711231	909090	909090
