Date	Page	Abstract
18730101	909090	909090
18730102	909090	909090
18730103	909090	909090
18730104	909090	909090
18730105	909090	909090
18730106	909090	909090
18730107	909090	909090
18730108	909090	909090
18730109	909090	909090
18730110	909090	909090
18730111	909090	909090
18730112	909090	909090
18730113	909090	909090
18730114	909090	909090
18730115	909090	909090
18730116	909090	909090
18730117	909090	909090
18730118	909090	909090
18730119	909090	909090
18730120	909090	909090
18730121	909090	909090
18730122	909090	909090
18730123	909090	909090
18730124	909090	909090
18730125	909090	909090
18730126	909090	909090
18730127	909090	909090
18730128	909090	909090
18730129	909090	909090
18730130	909090	909090
18730131	909090	909090
18730201	909090	909090
18730202	909090	909090
18730203	909090	909090
18730204	909090	909090
18730205	909090	909090
18730206	909090	909090
18730207	909090	909090
18730208	909090	909090
18730209	909090	909090
18730210	909090	909090
18730211	909090	909090
18730212	909090	909090
18730213	909090	909090
18730214	909090	909090
18730215	909090	909090
18730216	909090	909090
18730217	909090	909090
18730218	909090	909090
18730219	909090	909090
18730220	909090	909090
18730221	909090	909090
18730222	909090	909090
18730223	909090	909090
18730224	909090	909090
18730225	909090	909090
18730226	909090	909090
18730227	909090	909090
18730228	909090	909090
18730301	909090	909090
18730302	909090	909090
18730303	909090	909090
18730304	909090	909090
18730305	909090	909090
18730306	909090	909090
18730307	909090	909090
18730308	909090	909090
18730309	909090	909090
18730310	909090	909090
18730311	909090	909090
18730312	909090	909090
18730313	909090	909090
18730314	909090	909090
18730315	909090	909090
18730316	909090	909090
18730317	909090	909090
18730318	909090	909090
18730319	909090	909090
18730320	909090	909090
18730321	909090	909090
18730322	909090	909090
18730323	909090	909090
18730324	909090	909090
18730325	909090	909090
18730326	909090	909090
18730327	909090	909090
18730328	909090	909090
18730329	909090	909090
18730330	909090	909090
18730331	909090	909090
18730401	909090	909090
18730402	909090	909090
18730403	909090	909090
18730404	909090	909090
18730405	909090	909090
18730406	909090	909090
18730407	909090	909090
18730408	909090	909090
18730409	909090	909090
18730410	909090	909090
18730411	909090	909090
18730412	909090	909090
18730413	909090	909090
18730414	909090	909090
18730415	909090	909090
18730416	909090	909090
18730417	909090	909090
18730418	909090	909090
18730419	909090	909090
18730420	909090	909090
18730421	909090	909090
18730422	909090	909090
18730423	909090	909090
18730424	909090	909090
18730425	909090	909090
18730426	909090	909090
18730427	909090	909090
18730428	909090	909090
18730429	909090	909090
18730430	909090	909090
18730501	909090	909090
18730502	909090	909090
18730503	909090	909090
18730504	909090	909090
18730505	909090	909090
18730506	909090	909090
18730507	909090	909090
18730508	909090	909090
18730509	909090	909090
18730510	909090	909090
18730511	909090	909090
18730512	909090	909090
18730513	909090	909090
18730514	909090	909090
18730515	909090	909090
18730516	909090	909090
18730517	909090	909090
18730518	909090	909090
18730519	909090	909090
18730520	909090	909090
18730521	909090	909090
18730522	909090	909090
18730523	909090	909090
18730524	909090	909090
18730525	909090	909090
18730526	909090	909090
18730527	909090	909090
18730528	909090	909090
18730529	909090	909090
18730530	909090	909090
18730531	909090	909090
18730601	909090	909090
18730602	909090	909090
18730603	909090	909090
18730604	909090	909090
18730605	909090	909090
18730606	909090	909090
18730607	909090	909090
18730608	909090	909090
18730609	909090	909090
18730610	909090	909090
18730611	909090	909090
18730612	909090	909090
18730613	909090	909090
18730614	909090	909090
18730615	909090	909090
18730616	909090	909090
18730617	909090	909090
18730618	909090	909090
18730619	909090	909090
18730620	909090	909090
18730621	909090	909090
18730622	909090	909090
18730623	909090	909090
18730624	909090	909090
18730625	909090	909090
18730626	909090	909090
18730627	909090	909090
18730628	909090	909090
18730629	909090	909090
18730630	909090	909090
18730701	909090	909090
18730702	909090	909090
18730703	909090	909090
18730704	909090	909090
18730705	909090	909090
18730706	909090	909090
18730707	909090	909090
18730708	909090	909090
18730709	909090	909090
18730710	909090	909090
18730711	909090	909090
18730712	909090	909090
18730713	909090	909090
18730714	909090	909090
18730715	909090	909090
18730716	909090	909090
18730717	909090	909090
18730718	909090	909090
18730719	909090	909090
18730720	909090	909090
18730721	909090	909090
18730722	909090	909090
18730723	909090	909090
18730724	909090	909090
18730725	909090	909090
18730726	909090	909090
18730727	909090	909090
18730728	909090	909090
18730729	909090	909090
18730730	909090	909090
18730731	909090	909090
18730801	909090	909090
18730802	909090	909090
18730803	909090	909090
18730804	909090	909090
18730805	909090	909090
18730806	909090	909090
18730807	909090	909090
18730808	909090	909090
18730809	909090	909090
18730810	909090	909090
18730811	909090	909090
18730812	909090	909090
18730813	909090	909090
18730814	909090	909090
18730815	909090	909090
18730816	909090	909090
18730817	909090	909090
18730818	909090	909090
18730819	909090	909090
18730820	909090	909090
18730821	909090	909090
18730822	909090	909090
18730823	909090	909090
18730824	909090	909090
18730825	909090	909090
18730826	909090	909090
18730827	909090	909090
18730828	909090	909090
18730829	909090	909090
18730830	909090	909090
18730831	909090	909090
18730901	909090	909090
18730902	909090	909090
18730903	909090	909090
18730904	909090	909090
18730905	909090	909090
18730906	909090	909090
18730907	909090	909090
18730908	909090	909090
18730909	909090	909090
18730910	909090	909090
18730911	909090	909090
18730912	909090	909090
18730913	909090	909090
18730914	909090	909090
18730915	909090	909090
18730916	909090	909090
18730917	909090	909090
18730918	909090	909090
18730919	909090	909090
18730920	909090	909090
18730921	909090	909090
18730922	909090	909090
18730923	909090	909090
18730924	909090	909090
18730925	909090	909090
18730926	909090	909090
18730927	909090	909090
18730928	909090	909090
18730929	909090	909090
18730930	909090	909090
18731001	909090	909090
18731002	909090	909090
18731003	909090	909090
18731004	909090	909090
18731005	909090	909090
18731006	909090	909090
18731007	909090	909090
18731008	909090	909090
18731009	909090	909090
18731010	909090	909090
18731011	909090	909090
18731012	909090	909090
18731013	909090	909090
18731014	909090	909090
18731015	909090	909090
18731016	909090	909090
18731017	909090	909090
18731018	909090	909090
18731019	909090	909090
18731020	909090	909090
18731021	909090	909090
18731022	909090	909090
18731023	909090	909090
18731024	909090	909090
18731025	909090	909090
18731026	909090	909090
18731027	909090	909090
18731028	909090	909090
18731029	909090	909090
18731030	909090	909090
18731031	909090	909090
18731101	909090	909090
18731102	909090	909090
18731103	909090	909090
18731104	909090	909090
18731105	909090	909090
18731106	909090	909090
18731107	909090	909090
18731108	909090	909090
18731109	909090	909090
18731110	909090	909090
18731111	909090	909090
18731112	909090	909090
18731113	909090	909090
18731114	909090	909090
18731115	909090	909090
18731116	909090	909090
18731117	909090	909090
18731118	909090	909090
18731119	909090	909090
18731120	909090	909090
18731121	909090	909090
18731122	909090	909090
18731123	909090	909090
18731124	909090	909090
18731125	909090	909090
18731126	909090	909090
18731127	909090	909090
18731128	909090	909090
18731129	909090	909090
18731130	909090	909090
18731201	909090	909090
18731202	909090	909090
18731203	909090	909090
18731204	909090	909090
18731205	909090	909090
18731206	909090	909090
18731207	909090	909090
18731208	909090	909090
18731209	909090	909090
18731210	909090	909090
18731211	909090	909090
18731212	909090	909090
18731213	909090	909090
18731214	909090	909090
18731215	909090	909090
18731216	909090	909090
18731217	909090	909090
18731218	909090	909090
18731219	909090	909090
18731220	909090	909090
18731221	909090	909090
18731222	909090	909090
18731223	909090	909090
18731224	909090	909090
18731225	909090	909090
18731226	909090	909090
18731227	909090	909090
18731228	909090	909090
18731229	909090	909090
18731230	909090	909090
18731231	909090	909090
