Date	Page	Abstract
18670101	909090	909090
18670102	909090	909090
18670103	909090	909090
18670104	909090	909090
18670105	909090	909090
18670106	909090	909090
18670107	909090	909090
18670108	909090	909090
18670109	909090	909090
18670110	909090	909090
18670111	909090	909090
18670112	909090	909090
18670113	909090	909090
18670114	909090	909090
18670115	909090	909090
18670116	909090	909090
18670117	909090	909090
18670118	909090	909090
18670119	909090	909090
18670120	909090	909090
18670121	909090	909090
18670122	909090	909090
18670123	909090	909090
18670124	909090	909090
18670125	909090	909090
18670126	909090	909090
18670127	909090	909090
18670128	909090	909090
18670129	909090	909090
18670130	909090	909090
18670131	909090	909090
18670201	909090	909090
18670202	909090	909090
18670203	909090	909090
18670204	909090	909090
18670205	909090	909090
18670206	909090	909090
18670207	909090	909090
18670208	909090	909090
18670209	909090	909090
18670210	909090	909090
18670211	909090	909090
18670212	909090	909090
18670213	909090	909090
18670214	909090	909090
18670215	909090	909090
18670216	909090	909090
18670217	909090	909090
18670218	909090	909090
18670219	909090	909090
18670220	909090	909090
18670221	909090	909090
18670222	909090	909090
18670223	909090	909090
18670224	909090	909090
18670225	909090	909090
18670226	909090	909090
18670227	909090	909090
18670228	909090	909090
18670301	909090	909090
18670302	909090	909090
18670303	909090	909090
18670304	909090	909090
18670305	909090	909090
18670306	909090	909090
18670307	909090	909090
18670308	909090	909090
18670309	909090	909090
18670310	909090	909090
18670311	909090	909090
18670312	909090	909090
18670313	909090	909090
18670314	909090	909090
18670315	909090	909090
18670316	909090	909090
18670317	909090	909090
18670318	909090	909090
18670319	909090	909090
18670320	909090	909090
18670321	909090	909090
18670322	909090	909090
18670323	909090	909090
18670324	909090	909090
18670325	909090	909090
18670326	909090	909090
18670327	909090	909090
18670328	909090	909090
18670329	909090	909090
18670330	909090	909090
18670331	909090	909090
18670401	909090	909090
18670402	909090	909090
18670403	909090	909090
18670404	909090	909090
18670405	909090	909090
18670406	909090	909090
18670407	909090	909090
18670408	909090	909090
18670409	909090	909090
18670410	909090	909090
18670411	909090	909090
18670412	909090	909090
18670413	909090	909090
18670414	909090	909090
18670415	909090	909090
18670416	909090	909090
18670417	909090	909090
18670418	909090	909090
18670419	909090	909090
18670420	909090	909090
18670421	909090	909090
18670422	909090	909090
18670423	909090	909090
18670424	909090	909090
18670425	909090	909090
18670426	909090	909090
18670427	909090	909090
18670428	909090	909090
18670429	909090	909090
18670430	909090	909090
18670501	909090	909090
18670502	909090	909090
18670503	909090	909090
18670504	909090	909090
18670505	909090	909090
18670506	909090	909090
18670507	909090	909090
18670508	909090	909090
18670509	909090	909090
18670510	909090	909090
18670511	909090	909090
18670512	909090	909090
18670513	909090	909090
18670514	909090	909090
18670515	909090	909090
18670516	909090	909090
18670517	909090	909090
18670518	909090	909090
18670519	909090	909090
18670520	909090	909090
18670521	909090	909090
18670522	909090	909090
18670523	909090	909090
18670524	909090	909090
18670525	909090	909090
18670526	909090	909090
18670527	909090	909090
18670528	909090	909090
18670529	909090	909090
18670530	909090	909090
18670531	909090	909090
18670601	909090	909090
18670602	909090	909090
18670603	909090	909090
18670604	909090	909090
18670605	909090	909090
18670606	909090	909090
18670607	909090	909090
18670608	909090	909090
18670609	909090	909090
18670610	909090	909090
18670611	909090	909090
18670612	909090	909090
18670613	909090	909090
18670614	909090	909090
18670615	909090	909090
18670616	909090	909090
18670617	909090	909090
18670618	909090	909090
18670619	909090	909090
18670620	909090	909090
18670621	909090	909090
18670622	909090	909090
18670623	909090	909090
18670624	909090	909090
18670625	909090	909090
18670626	909090	909090
18670627	909090	909090
18670628	909090	909090
18670629	909090	909090
18670630	909090	909090
18670701	909090	909090
18670702	909090	909090
18670703	909090	909090
18670704	909090	909090
18670705	909090	909090
18670706	909090	909090
18670707	909090	909090
18670708	909090	909090
18670709	909090	909090
18670710	909090	909090
18670711	909090	909090
18670712	909090	909090
18670713	909090	909090
18670714	909090	909090
18670715	909090	909090
18670716	909090	909090
18670717	909090	909090
18670718	909090	909090
18670719	909090	909090
18670720	909090	909090
18670721	909090	909090
18670722	909090	909090
18670723	909090	909090
18670724	909090	909090
18670725	909090	909090
18670726	909090	909090
18670727	909090	909090
18670728	909090	909090
18670729	909090	909090
18670730	909090	909090
18670731	909090	909090
18670801	909090	909090
18670802	909090	909090
18670803	909090	909090
18670804	909090	909090
18670805	909090	909090
18670806	909090	909090
18670807	909090	909090
18670808	909090	909090
18670809	909090	909090
18670810	909090	909090
18670811	909090	909090
18670812	909090	909090
18670813	909090	909090
18670814	909090	909090
18670815	909090	909090
18670816	909090	909090
18670817	909090	909090
18670818	909090	909090
18670819	909090	909090
18670820	909090	909090
18670821	909090	909090
18670822	909090	909090
18670823	909090	909090
18670824	909090	909090
18670825	909090	909090
18670826	909090	909090
18670827	909090	909090
18670828	909090	909090
18670829	909090	909090
18670830	909090	909090
18670831	909090	909090
18670901	909090	909090
18670902	909090	909090
18670903	909090	909090
18670904	909090	909090
18670905	909090	909090
18670906	909090	909090
18670907	909090	909090
18670908	909090	909090
18670909	909090	909090
18670910	909090	909090
18670911	909090	909090
18670912	909090	909090
18670913	909090	909090
18670914	909090	909090
18670915	909090	909090
18670916	909090	909090
18670917	909090	909090
18670918	909090	909090
18670919	909090	909090
18670920	909090	909090
18670921	909090	909090
18670922	909090	909090
18670923	909090	909090
18670924	909090	909090
18670925	909090	909090
18670926	909090	909090
18670927	909090	909090
18670928	909090	909090
18670929	909090	909090
18670930	909090	909090
18671001	909090	909090
18671002	909090	909090
18671003	909090	909090
18671004	909090	909090
18671005	909090	909090
18671006	909090	909090
18671007	909090	909090
18671008	909090	909090
18671009	909090	909090
18671010	909090	909090
18671011	909090	909090
18671012	909090	909090
18671013	909090	909090
18671014	909090	909090
18671015	909090	909090
18671016	909090	909090
18671017	909090	909090
18671018	909090	909090
18671019	909090	909090
18671020	909090	909090
18671021	909090	909090
18671022	909090	909090
18671023	909090	909090
18671024	909090	909090
18671025	909090	909090
18671026	909090	909090
18671027	909090	909090
18671028	909090	909090
18671029	909090	909090
18671030	909090	909090
18671031	909090	909090
18671101	909090	909090
18671102	909090	909090
18671103	909090	909090
18671104	909090	909090
18671105	909090	909090
18671106	909090	909090
18671107	909090	909090
18671108	909090	909090
18671109	909090	909090
18671110	909090	909090
18671111	909090	909090
18671112	909090	909090
18671113	909090	909090
18671114	909090	909090
18671115	909090	909090
18671116	909090	909090
18671117	909090	909090
18671118	909090	909090
18671119	909090	909090
18671120	909090	909090
18671121	909090	909090
18671122	909090	909090
18671123	909090	909090
18671124	909090	909090
18671125	909090	909090
18671126	909090	909090
18671127	909090	909090
18671128	909090	909090
18671129	909090	909090
18671130	909090	909090
18671201	909090	909090
18671202	909090	909090
18671203	909090	909090
18671204	909090	909090
18671205	909090	909090
18671206	909090	909090
18671207	909090	909090
18671208	909090	909090
18671209	909090	909090
18671210	909090	909090
18671211	909090	909090
18671212	909090	909090
18671213	909090	909090
18671214	909090	909090
18671215	909090	909090
18671216	909090	909090
18671217	909090	909090
18671218	909090	909090
18671219	909090	909090
18671220	909090	909090
18671221	909090	909090
18671222	909090	909090
18671223	909090	909090
18671224	909090	909090
18671225	909090	909090
18671226	909090	909090
18671227	909090	909090
18671228	909090	909090
18671229	909090	909090
18671230	909090	909090
18671231	909090	909090
